
         MODELO ESTOCASTICO DE GERACAO DE VENTOS  SINTETICAS - PAR(p)






                              SERIE  DE VENTOS   DA USINA  cluster_NE_ (CONFIGURACAO No.   59)


        JAN        FEV        MAR        ABR        MAI        JUN        JUL        AGO        SET        OUT        NOV        DEZ

1979      5.50       5.19       5.43       5.63       5.98       7.58       7.47       7.68       7.94       7.40       6.36       5.70
1980      5.31       4.76       6.22       6.27       7.13       6.98       7.47       8.09       7.52       7.73       6.30       5.64
1981      5.82       7.32       4.21       6.12       6.95       7.28       7.80       7.86       8.17       7.03       6.53       6.73
1982      5.79       6.16       4.63       5.52       6.92       7.21       7.43       7.77       7.72       7.07       7.19       6.87
1983      5.50       6.01       6.21       6.80       7.11       7.30       7.47       7.85       7.93       7.82       6.33       6.14
1984      5.60       5.98       3.88       4.69       5.87       6.91       7.40       7.64       7.33       7.46       7.06       5.88
1985      3.87       3.99       4.03       3.91       5.62       5.89       7.57       7.69       7.66       6.68       6.83       4.91
1986      5.47       4.41       4.05       5.00       6.43       7.51       7.08       7.39       8.36       7.35       7.53       6.32
1987      5.91       6.49       4.12       6.40       6.36       6.90       7.63       7.73       7.78       7.08       6.79       6.52
1988      5.50       5.43       4.07       4.86       5.89       6.96       7.98       8.36       8.36       7.42       7.11       5.38
1989      5.88       5.30       4.45       4.51       5.70       6.50       6.77       7.80       7.40       7.53       6.62       5.50
1990      6.95       4.92       6.04       6.10       6.35       7.41       6.93       8.06       7.77       7.73       6.94       6.48
1991      5.26       5.25       5.05       5.46       6.45       7.36       8.01       8.48       7.88       7.81       6.28       6.01
1992      5.23       6.43       6.62       6.06       6.67       7.47       7.78       8.02       8.22       7.64       6.99       6.55
1993      6.31       6.25       6.19       6.32       7.08       7.60       7.66       7.75       7.18       7.67       7.25       6.62
1994      4.76       5.08       4.27       5.50       6.45       6.36       7.60       7.75       8.31       7.95       7.31       6.64
1995      5.28       4.00       4.84       4.94       5.25       6.98       7.60       8.05       8.52       7.14       6.72       5.37
1996      5.85       5.18       3.90       4.65       5.83       7.39       7.61       7.84       8.24       7.37       6.65       6.23
1997      5.42       6.63       5.25       5.23       6.73       6.43       7.77       8.12       6.98       6.74       6.41       5.72
1998      4.93       5.83       5.68       6.61       7.14       7.84       7.60       8.05       8.35       7.90       5.88       6.17
1999      5.76       5.94       4.79       6.41       6.03       7.11       7.95       8.45       8.19       7.43       6.50       6.07
2000      5.15       4.52       5.51       5.45       6.50       6.90       7.04       7.63       7.94       7.77       6.49       5.53
2001      6.46       5.32       5.17       5.98       5.99       7.11       7.59       8.59       7.93       7.21       6.66       6.85
2002      5.01       5.85       5.71       5.83       6.37       7.10       7.31       8.24       7.74       8.02       7.18       5.83
2003      4.68       5.80       5.02       5.48       6.24       6.96       7.90       7.74       8.18       8.21       7.16       6.44
2004      4.65       4.84       5.44       5.96       6.36       7.04       7.26       7.74       8.49       7.74       7.33       6.39
2005      5.49       5.71       4.86       6.37       6.51       7.16       7.76       8.23       7.99       7.96       7.27       6.55
2006      7.31       4.55       4.49       4.42       5.97       7.38       7.46       7.98       7.84       7.23       6.58       6.12
2007      6.22       4.73       6.27       5.76       6.64       7.44       7.62       8.67       8.81       8.24       7.18       6.52
2008      5.89       5.38       3.66       4.38       5.71       7.00       7.76       7.66       8.05       8.34       6.94       6.08
2009      5.57       5.22       4.25       3.70       4.80       6.26       6.85       7.60       7.57       6.39       7.10       5.96
2010      5.72       6.47       5.06       5.87       6.09       7.11       7.98       8.37       8.57       6.80       6.80       5.64
2011      5.24       5.08       4.17       5.26       6.33       6.61       7.34       7.63       8.56       7.21       7.20       6.70
2012      6.60       6.50       6.32       6.55       7.21       7.19       7.97       8.75       8.37       8.39       6.26       6.69
2013      5.97       7.12       6.10       5.64       6.47       6.84       7.32       8.14       8.27       7.95       7.28       5.91
2014      6.78       6.35       5.76       5.23       5.99       7.36       7.86       8.22       8.00       8.31       6.82       6.74
2015      6.81       5.95       5.35       5.10       6.81       7.24       7.78       8.42       7.89       7.95       6.79       6.88
2016      4.58       6.14       6.07       6.67       6.48       7.04       7.89       8.06       8.11       7.94       7.43       6.65
2017      6.30       5.67       5.02       5.96       6.36       7.35       8.24       7.82       8.93       8.27       6.95       6.32
2018      5.88       4.56       4.69       5.33       6.41       7.24       7.53       7.79       8.10       7.05       7.32       5.70
2019      6.10       4.43       4.36       4.60       5.90       7.27       7.22       8.29       8.08       7.71       6.95       6.69
2020      4.66       4.54       3.80       4.94       5.83       6.92       7.55       8.28       8.18       7.01       6.65       6.69

                                                  MEDIA AMOSTRAL DAS VENTOS  


        JAN        FEV        MAR        ABR        MAI        JUN        JUL        AGO        SET        OUT        NOV        DEZ

         5.64       5.51       5.02       5.51       6.31       7.08       7.57       8.01       8.03       7.56       6.86       6.20



                                              DESVIO PADRAO AMOSTRAL DAS VENTOS  


        JAN        FEV        MAR        ABR        MAI        JUN        JUL        AGO        SET        OUT        NOV        DEZ

         0.70       0.81       0.83       0.76       0.52       0.38       0.33       0.32       0.41       0.49       0.38       0.48



                                                ASSIMETRIA AMOSTRAL DAS VENTOS  


        JAN        FEV        MAR        ABR        MAI        JUN        JUL        AGO        SET        OUT        NOV        DEZ

         0.08       0.12       0.19      -0.38      -0.43      -1.00      -0.54       0.47      -0.34      -0.30      -0.38      -0.58


                                                          SERIE DE RUIDOS  - ANO: POS 



        JAN        FEV        MAR        ABR        MAI        JUN        JUL        AGO        SET        OUT        NOV        DEZ

     -.204E+00  -.387E+00  0.485E+00  0.159E+00  -.640E+00  0.130E+01  -.298E+00  -.101E+01  -.235E+00  -.328E+00  -.131E+01  -.102E+01
     -.479E+00  -.919E+00  0.143E+01  0.100E+01  0.159E+01  -.272E+00  -.306E+00  0.248E+00  -.127E+01  0.337E+00  -.147E+01  -.115E+01
     0.248E+00  0.223E+01  -.975E+00  0.805E+00  0.125E+01  0.524E+00  0.700E+00  -.452E+00  0.334E+00  -.109E+01  -.863E+00  0.109E+01
     0.213E+00  0.805E+00  -.477E+00  0.107E-01  0.118E+01  0.331E+00  -.428E+00  -.726E+00  -.778E+00  -.102E+01  0.887E+00  0.139E+01
     -.198E+00  0.626E+00  0.142E+01  0.170E+01  0.155E+01  0.558E+00  -.284E+00  -.469E+00  -.253E+00  0.517E+00  -.140E+01  -.117E+00
     -.614E-01  0.589E+00  -.137E+01  -.108E+01  -.852E+00  -.449E+00  -.518E+00  -.114E+01  -.174E+01  -.211E+00  0.541E+00  -.650E+00
     -.253E+01  -.187E+01  -.120E+01  -.211E+01  -.133E+01  -.311E+01  0.232E-02  -.983E+00  -.910E+00  -.181E+01  -.634E-01  -.265E+01
     -.249E+00  -.136E+01  -.117E+01  -.672E+00  0.240E+00  0.111E+01  -.151E+01  -.190E+01  0.791E+00  -.438E+00  0.179E+01  0.245E+00
     0.383E+00  0.122E+01  -.109E+01  0.117E+01  0.108E+00  -.485E+00  0.197E+00  -.859E+00  -.623E+00  -.983E+00  -.178E+00  0.661E+00
     -.202E+00  -.954E-01  -.115E+01  -.864E+00  -.814E+00  -.319E+00  0.127E+01  0.109E+01  0.812E+00  -.288E+00  0.662E+00  -.168E+01
     0.338E+00  -.250E+00  -.688E+00  -.132E+01  -.117E+01  -.153E+01  -.246E+01  -.633E+00  -.156E+01  -.661E-01  -.621E+00  -.144E+01
     0.187E+01  -.719E+00  0.122E+01  0.776E+00  0.881E-01  0.855E+00  -.196E+01  0.178E+00  -.640E+00  0.352E+00  0.222E+00  0.576E+00
     -.552E+00  -.322E+00  0.309E-01  -.738E-01  0.266E+00  0.715E+00  0.136E+01  0.146E+01  -.374E+00  0.515E+00  -.151E+01  -.390E+00
     -.591E+00  0.113E+01  0.192E+01  0.727E+00  0.699E+00  0.102E+01  0.644E+00  0.447E-01  0.447E+00  0.164E+00  0.364E+00  0.718E+00
     0.953E+00  0.916E+00  0.140E+01  0.107E+01  0.150E+01  0.136E+01  0.297E+00  -.778E+00  -.209E+01  0.210E+00  0.105E+01  0.869E+00
     -.126E+01  -.523E+00  -.907E+00  -.119E-01  0.268E+00  -.190E+01  0.915E-01  -.786E+00  0.689E+00  0.798E+00  0.120E+01  0.918E+00
     -.516E+00  -.186E+01  -.223E+00  -.749E+00  -.204E+01  -.261E+00  0.102E+00  0.145E+00  0.120E+01  -.860E+00  -.351E+00  -.172E+01
     0.294E+00  -.407E+00  -.135E+01  -.114E+01  -.922E+00  0.801E+00  0.140E+00  -.527E+00  0.512E+00  -.396E+00  -.533E+00  0.634E-01
     -.321E+00  0.139E+01  0.272E+00  -.371E+00  0.819E+00  -.172E+01  0.634E+00  0.348E+00  -.259E+01  -.169E+01  -.117E+01  -.989E+00
     -.102E+01  0.398E+00  0.789E+00  0.145E+01  0.161E+01  0.199E+01  0.106E+00  0.137E+00  0.774E+00  0.698E+00  -.257E+01  -.563E-01
     0.174E+00  0.536E+00  -.278E+00  0.119E+01  -.530E+00  0.608E-01  0.119E+01  0.136E+01  0.391E+00  -.275E+00  -.943E+00  -.266E+00
     -.703E+00  -.121E+01  0.585E+00  -.805E-01  0.366E+00  -.485E+00  -.163E+01  -.115E+01  -.233E+00  0.434E+00  -.970E+00  -.139E+01
     0.117E+01  -.224E+00  0.173E+00  0.623E+00  -.615E+00  0.708E-01  0.735E-01  0.179E+01  -.264E+00  -.730E+00  -.517E+00  0.135E+01
     -.905E+00  0.421E+00  0.829E+00  0.418E+00  0.111E+00  0.369E-01  -.776E+00  0.720E+00  -.730E+00  0.932E+00  0.851E+00  -.757E+00
     -.137E+01  0.358E+00  -.262E-02  -.428E-01  -.123E+00  -.322E+00  0.104E+01  -.824E+00  0.366E+00  0.133E+01  0.793E+00  0.493E+00
     -.141E+01  -.827E+00  0.500E+00  0.590E+00  0.106E+00  -.107E+00  -.939E+00  -.829E+00  0.111E+01  0.360E+00  0.126E+01  0.402E+00
     -.212E+00  0.252E+00  -.194E+00  0.113E+01  0.393E+00  0.199E+00  0.608E+00  0.677E+00  -.111E+00  0.815E+00  0.110E+01  0.725E+00
     0.238E+01  -.118E+01  -.641E+00  -.144E+01  -.662E+00  0.775E+00  -.332E+00  -.784E-01  -.482E+00  -.685E+00  -.734E+00  -.158E+00
     0.822E+00  -.958E+00  0.149E+01  0.329E+00  0.649E+00  0.934E+00  0.177E+00  0.206E+01  0.190E+01  0.138E+01  0.857E+00  0.667E+00
     0.357E+00  -.152E+00  -.164E+01  -.149E+01  -.116E+01  -.223E+00  0.590E+00  -.107E+01  0.506E-01  0.158E+01  0.223E+00  -.241E+00
     -.106E+00  -.351E+00  -.933E+00  -.239E+01  -.292E+01  -.215E+01  -.221E+01  -.124E+01  -.114E+01  -.240E+01  0.642E+00  -.484E+00
     0.118E+00  0.119E+01  0.490E-01  0.473E+00  -.421E+00  0.796E-01  0.125E+01  0.113E+01  0.133E+01  -.156E+01  -.155E+00  -.116E+01
     -.580E+00  -.521E+00  -.103E+01  -.338E+00  0.428E-01  -.124E+01  -.690E+00  -.116E+01  0.130E+01  -.723E+00  0.916E+00  0.103E+01
     0.137E+01  0.122E+01  0.156E+01  0.137E+01  0.174E+01  0.287E+00  0.122E+01  0.228E+01  0.827E+00  0.169E+01  -.157E+01  0.101E+01
     0.466E+00  0.199E+01  0.129E+01  0.166E+00  0.311E+00  -.647E+00  -.759E+00  0.404E+00  0.582E+00  0.789E+00  0.113E+01  -.592E+00
     0.163E+01  0.104E+01  0.885E+00  -.373E+00  -.612E+00  0.718E+00  0.906E+00  0.671E+00  -.779E-01  0.152E+01  -.934E-01  0.111E+01
     0.167E+01  0.542E+00  0.397E+00  -.538E+00  0.978E+00  0.420E+00  0.668E+00  0.127E+01  -.341E+00  0.795E+00  -.162E+00  0.140E+01
     -.151E+01  0.775E+00  0.126E+01  0.153E+01  0.343E+00  -.104E+00  0.993E+00  0.158E+00  0.192E+00  0.778E+00  0.152E+01  0.937E+00
     0.938E+00  0.204E+00  -.852E-02  0.587E+00  0.104E+00  0.707E+00  0.207E+01  -.576E+00  0.220E+01  0.144E+01  0.248E+00  0.240E+00
     0.335E+00  -.116E+01  -.403E+00  -.236E+00  0.191E+00  0.409E+00  -.126E+00  -.679E+00  0.169E+00  -.105E+01  0.123E+01  -.102E+01
     0.658E+00  -.133E+01  -.797E+00  -.120E+01  -.780E+00  0.488E+00  -.106E+01  0.864E+00  0.120E+00  0.306E+00  0.246E+00  0.102E+01
     -.140E+01  -.119E+01  -.147E+01  -.754E+00  -.916E+00  -.418E+00  -.483E-01  0.836E+00  0.362E+00  -.113E+01  -.541E+00  0.102E+01

                                                       MEDIA DA SERIE DE RUIDOS


        JAN        FEV        MAR        ABR        MAI        JUN        JUL        AGO        SET        OUT        NOV        DEZ

POS  0.264E-15  -.136E-14  -.191E-14  0.105E-14  0.449E-16  -.460E-14  0.473E-14  0.409E-14  -.482E-14  -.793E-15  0.695E-15  -.288E-14



                                                     DESVIO PADRAO DA SERIE DE RUIDOS


        JAN        FEV        MAR        ABR        MAI        JUN        JUL        AGO        SET        OUT        NOV        DEZ

POS  0.100E+01  0.100E+01  0.100E+01  0.100E+01  0.100E+01  0.100E+01  0.100E+01  0.100E+01  0.100E+01  0.100E+01  0.100E+01  0.100E+01



                                                     ASSIMETRIA DA SERIE DE RUIDOS


        JAN        FEV        MAR        ABR        MAI        JUN        JUL        AGO        SET        OUT        NOV        DEZ

POS  0.815E-01  0.117E+00  0.190E+00  -.380E+00  -.428E+00  -.100E+01  -.541E+00  0.470E+00  -.345E+00  -.303E+00  -.382E+00  -.579E+00



                                          CORRELOGRAMO DA SERIE DE RUIDOS


   ORDEM
 JAN/POS    0.33592  -0.10144   0.17654  -0.04845   0.31140   0.01741   0.43834   0.08320   0.06869   0.12508  -0.02512
 FEV/POS    0.20481   0.31543  -0.07120   0.15227  -0.12708   0.17993   0.40322   0.15124   0.34426   0.18704   0.32778
 MAR/POS    0.30627   0.15509   0.13718  -0.14342   0.47901   0.01184   0.38704   0.10305   0.02110   0.08026  -0.01619
 ABR/POS    0.65839   0.48306   0.02783   0.36678  -0.15805   0.38722   0.18810   0.29828  -0.17297   0.07390   0.30812
 MAI/POS    0.74501   0.58539   0.44231   0.08320   0.37803  -0.16527   0.39421  -0.00025   0.02821   0.06056   0.14740
 JUN/POS    0.43561   0.47867   0.39612   0.15124   0.43834   0.38907  -0.16293   0.40231  -0.04577   0.09960  -0.07718
 JUL/POS    0.23258   0.25264   0.34628   0.10305   0.40322   0.01741   0.16430  -0.15101   0.07539  -0.00045  -0.02501
 AGO/POS    0.43508   0.22914   0.17648   0.29828   0.38704   0.17993   0.31140   0.18690  -0.14234  -0.05600  -0.01982
 SET/POS    0.19710   0.33299   0.27856  -0.00025   0.18810   0.01184  -0.12708  -0.04845   0.02949   0.12734  -0.10982
 OUT/POS    0.30071   0.25919   0.26062   0.40231   0.39421   0.38722   0.47901   0.15227   0.15677   0.22986   0.11508
 NOV/POS    0.05015   0.16048  -0.28611  -0.15101  -0.16293  -0.16527  -0.15805  -0.14342   0.09904   0.02982   0.09397
 DEZ/POS    0.21436   0.32258   0.19625   0.18690   0.16430   0.38907   0.37803   0.36678   0.13718  -0.02524   0.01897





                              SERIE  DE VENTOS   DA USINA  cluster_S_1 (CONFIGURACAO No.   59)


        JAN        FEV        MAR        ABR        MAI        JUN        JUL        AGO        SET        OUT        NOV        DEZ

1979      7.04       6.54       6.36       6.09       7.01       5.82       6.89       6.24       7.06       6.84       6.94       6.33
1980      6.39       5.90       5.21       6.75       5.74       7.37       7.20       6.40       7.28       6.79       7.04       6.22
1981      7.04       6.41       5.61       6.50       6.24       6.93       6.63       6.53       8.12       6.60       6.29       6.70
1982      6.57       6.34       6.07       6.36       6.29       6.10       6.71       6.66       7.04       6.70       6.19       6.07
1983      7.23       6.27       5.94       6.01       6.50       6.55       6.90       7.08       7.19       6.91       6.25       5.84
1984      5.72       5.51       6.21       7.70       6.85       7.19       7.20       6.43       7.46       6.80       6.92       5.93
1985      6.66       5.60       5.81       6.11       6.09       6.41       6.84       6.75       7.16       6.78       6.70       6.09
1986      6.03       6.01       5.94       6.25       6.56       6.46       6.64       7.18       7.84       6.97       6.80       6.27
1987      5.91       6.09       6.08       5.93       7.34       6.34       7.34       7.48       7.00       6.43       6.83       6.39
1988      5.76       6.28       6.16       6.13       5.70       5.85       7.72       6.84       6.56       7.21       6.94       6.40
1989      6.43       5.89       5.71       5.63       5.36       5.22       6.44       7.02       7.02       7.03       7.24       7.36
1990      6.18       6.47       5.81       5.61       5.92       6.17       6.36       6.45       7.60       6.53       6.94       7.35
1991      7.07       5.76       5.38       5.45       5.96       6.00       7.08       7.06       7.24       7.04       6.99       5.58
1992      6.94       6.23       5.67       6.79       6.85       6.65       7.03       6.74       6.91       6.20       6.57       6.68
1993      5.72       5.71       4.92       6.47       6.29       6.77       7.51       6.38       6.98       6.43       7.57       6.91
1994      6.65       5.87       6.65       6.15       5.49       6.60       7.02       6.84       7.15       6.78       6.58       5.83
1995      6.24       6.52       5.60       6.73       5.27       6.15       6.68       6.49       7.41       6.83       6.58       6.59
1996      6.31       6.53       6.76       6.92       4.69       5.80       6.39       6.46       7.42       6.90       7.08       5.89
1997      6.89       6.75       5.64       6.26       6.24       7.47       6.87       6.75       5.97       8.17       7.16       6.68
1998      6.60       6.53       6.27       7.32       6.12       6.03       6.66       6.27       6.82       7.04       6.81       7.11
1999      6.52       5.87       6.50       7.19       6.43       6.32       6.93       7.59       7.26       8.40       6.72       7.20
2000      5.89       6.46       6.32       6.33       6.85       7.11       7.44       5.94       6.88       6.85       6.36       5.70
2001      5.96       6.05       5.43       6.18       6.47       6.18       7.01       6.39       8.19       7.87       6.49       6.47
2002      6.36       6.05       6.35       6.67       5.91       6.30       6.50       7.22       6.76       7.05       7.56       6.61
2003      6.03       5.42       5.97       6.05       6.99       5.75       6.42       6.92       6.95       6.71       6.97       7.53
2004      6.36       6.31       6.16       6.59       6.72       5.94       7.43       6.94       7.23       6.80       6.95       7.13
2005      6.64       6.51       6.68       5.78       6.58       6.05       6.85       6.99       8.12       6.57       6.17       6.49
2006      5.69       5.54       6.36       6.08       6.20       6.62       6.95       6.58       7.10       7.06       7.54       6.08
2007      6.33       6.37       5.90       6.09       6.49       6.24       6.81       7.81       7.22       7.38       6.61       5.92
2008      7.01       6.54       5.61       5.36       6.36       6.55       6.19       6.94       7.65       7.21       7.88       6.56
2009      6.66       6.14       6.12       5.70       5.96       6.69       6.57       7.00       7.31       6.88       6.67       6.56
2010      5.96       6.24       6.10       6.00       7.00       7.24       7.44       7.22       7.62       6.30       6.09       6.76
2011      5.91       6.47       7.22       5.42       5.91       6.74       6.95       8.46       7.29       7.03       7.06       6.38
2012      6.56       5.41       5.30       5.60       5.87       5.97       6.68       7.24       7.46       7.26       6.42       6.21
2013      6.21       6.39       6.31       6.34       5.81       5.81       6.15       7.06       7.23       6.60       7.78       6.22
2014      5.93       6.11       6.29       6.44       5.29       7.29       7.00       6.62       7.52       7.00       6.66       6.04
2015      5.59       5.68       5.84       5.48       6.16       6.28       5.98       7.48       6.70       7.73       6.95       6.39
2016      6.56       5.61       6.28       6.87       6.41       6.05       6.84       6.19       7.34       8.09       6.41       6.16
2017      6.16       5.30       6.53       7.24       6.88       6.53       6.91       7.46       7.24       7.34       6.74       6.79
2018      6.51       5.82       5.54       5.22       6.31       6.35       6.98       7.13       7.14       6.65       7.35       6.50
2019      6.50       5.62       6.59       5.70       6.02       6.35       6.72       6.92       6.51       6.80       6.86       6.47
2020      6.30       6.81       6.17       7.41       7.08       6.90       6.98       6.38       6.91       7.33       6.30       6.77

                                                  MEDIA AMOSTRAL DAS VENTOS  


        JAN        FEV        MAR        ABR        MAI        JUN        JUL        AGO        SET        OUT        NOV        DEZ

         6.36       6.09       6.03       6.26       6.24       6.41       6.85       6.87       7.21       7.00       6.83       6.46



                                              DESVIO PADRAO AMOSTRAL DAS VENTOS  


        JAN        FEV        MAR        ABR        MAI        JUN        JUL        AGO        SET        OUT        NOV        DEZ

         0.42       0.40       0.46       0.59       0.55       0.49       0.37       0.48       0.42       0.48       0.43       0.46



                                                ASSIMETRIA AMOSTRAL DAS VENTOS  


        JAN        FEV        MAR        ABR        MAI        JUN        JUL        AGO        SET        OUT        NOV        DEZ

         0.13      -0.26      -0.05       0.45      -0.44       0.28      -0.01       0.83       0.00       1.24       0.51       0.40


                                                          SERIE DE RUIDOS  - ANO: POS 



        JAN        FEV        MAR        ABR        MAI        JUN        JUL        AGO        SET        OUT        NOV        DEZ

     0.162E+01  0.112E+01  0.714E+00  -.282E+00  0.137E+01  -.120E+01  0.104E+00  -.130E+01  -.363E+00  -.321E+00  0.251E+00  -.272E+00
     0.754E-01  -.485E+00  -.179E+01  0.831E+00  -.916E+00  0.195E+01  0.932E+00  -.970E+00  0.159E+00  -.446E+00  0.495E+00  -.511E+00
     0.161E+01  0.794E+00  -.913E+00  0.407E+00  -.635E-02  0.105E+01  -.595E+00  -.708E+00  0.215E+01  -.829E+00  -.126E+01  0.532E+00
     0.496E+00  0.634E+00  0.789E-01  0.171E+00  0.851E-01  -.632E+00  -.391E+00  -.428E+00  -.401E+00  -.625E+00  -.150E+01  -.850E+00
     0.207E+01  0.435E+00  -.211E+00  -.425E+00  0.459E+00  0.293E+00  0.133E+00  0.428E+00  -.461E-01  -.175E+00  -.136E+01  -.135E+01
     -.150E+01  -.148E+01  0.382E+00  0.243E+01  0.110E+01  0.159E+01  0.920E+00  -.917E+00  0.586E+00  -.418E+00  0.204E+00  -.115E+01
     0.725E+00  -.126E+01  -.495E+00  -.245E+00  -.269E+00  0.671E-02  -.339E-01  -.244E+00  -.127E+00  -.454E+00  -.314E+00  -.801E+00
     -.780E+00  -.215E+00  -.193E+00  -.987E-02  0.567E+00  0.102E+00  -.576E+00  0.653E+00  0.149E+01  -.561E-01  -.670E-01  -.413E+00
     -.107E+01  0.405E-02  0.943E-01  -.557E+00  0.198E+01  -.147E+00  0.131E+01  0.125E+01  -.501E+00  -.120E+01  -.103E-02  -.147E+00
     -.143E+01  0.483E+00  0.280E+00  -.216E+00  -.989E+00  -.113E+01  0.231E+01  -.548E-01  -.154E+01  0.441E+00  0.245E+00  -.117E+00
     0.173E+00  -.513E+00  -.700E+00  -.106E+01  -.159E+01  -.241E+01  -.112E+01  0.309E+00  -.443E+00  0.640E-01  0.949E+00  0.197E+01
     -.425E+00  0.950E+00  -.476E+00  -.109E+01  -.584E+00  -.488E+00  -.134E+01  -.864E+00  0.931E+00  -.977E+00  0.247E+00  0.195E+01
     0.168E+01  -.842E+00  -.141E+01  -.137E+01  -.514E+00  -.818E+00  0.614E+00  0.399E+00  0.588E-01  0.935E-01  0.375E+00  -.190E+01
     0.138E+01  0.337E+00  -.794E+00  0.890E+00  0.110E+01  0.489E+00  0.476E+00  -.270E+00  -.713E+00  -.168E+01  -.610E+00  0.495E+00
     -.151E+01  -.968E+00  -.243E+01  0.357E+00  0.882E-01  0.738E+00  0.176E+01  -.101E+01  -.551E+00  -.119E+01  0.172E+01  0.977E+00
     0.702E+00  -.573E+00  0.134E+01  -.192E+00  -.136E+01  0.383E+00  0.450E+00  -.547E-01  -.133E+00  -.447E+00  -.587E+00  -.137E+01
     -.287E+00  0.107E+01  -.932E+00  0.798E+00  -.176E+01  -.516E+00  -.464E+00  -.795E+00  0.470E+00  -.359E+00  -.597E+00  0.295E+00
     -.111E+00  0.111E+01  0.157E+01  0.112E+01  -.281E+01  -.124E+01  -.125E+01  -.848E+00  0.498E+00  -.212E+00  0.575E+00  -.123E+01
     0.127E+01  0.167E+01  -.860E+00  0.399E-02  -.165E-02  0.215E+01  0.467E-01  -.244E+00  -.293E+01  0.247E+01  0.752E+00  0.488E+00
     0.576E+00  0.109E+01  0.520E+00  0.179E+01  -.223E+00  -.771E+00  -.515E+00  -.124E+01  -.934E+00  0.994E-01  -.485E-01  0.143E+01
     0.374E+00  -.569E+00  0.103E+01  0.156E+01  0.340E+00  -.184E+00  0.202E+00  0.148E+01  0.121E+00  0.294E+01  -.252E+00  0.161E+01
     -.110E+01  0.923E+00  0.616E+00  0.115E+00  0.110E+01  0.143E+01  0.158E+01  -.193E+01  -.789E+00  -.319E+00  -.109E+01  -.165E+01
     -.931E+00  -.116E+00  -.130E+01  -.130E+00  0.414E+00  -.460E+00  0.427E+00  -.100E+01  0.231E+01  0.183E+01  -.809E+00  0.406E-01
     0.821E-02  -.117E+00  0.694E+00  0.693E+00  -.592E+00  -.224E+00  -.945E+00  0.724E+00  -.106E+01  0.103E+00  0.170E+01  0.341E+00
     -.784E+00  -.169E+01  -.129E+00  -.348E+00  0.134E+01  -.132E+01  -.115E+01  0.964E-01  -.620E+00  -.594E+00  0.328E+00  0.233E+01
     -.277E-02  0.540E+00  0.286E+00  0.555E+00  0.861E+00  -.942E+00  0.155E+01  0.153E+00  0.412E-01  -.407E+00  0.276E+00  0.146E+01
     0.656E+00  0.105E+01  0.141E+01  -.812E+00  0.609E+00  -.728E+00  -.268E-02  0.244E+00  0.215E+01  -.906E+00  -.155E+01  0.769E-01
     -.157E+01  -.139E+01  0.703E+00  -.301E+00  -.769E-01  0.438E+00  0.248E+00  -.607E+00  -.272E+00  0.126E+00  0.164E+01  -.828E+00
     -.588E-01  0.709E+00  -.295E+00  -.287E+00  0.448E+00  -.344E+00  -.107E+00  0.195E+01  0.129E-01  0.811E+00  -.515E+00  -.117E+01
     0.153E+01  0.114E+01  -.929E+00  -.152E+01  0.202E+00  0.297E+00  -.177E+01  0.140E+00  0.105E+01  0.456E+00  0.245E+01  0.230E+00
     0.722E+00  0.127E+00  0.184E+00  -.950E+00  -.509E+00  0.579E+00  -.760E+00  0.278E+00  0.236E+00  -.251E+00  -.381E+00  0.234E+00
     -.947E+00  0.361E+00  0.149E+00  -.438E+00  0.136E+01  0.169E+01  0.158E+01  0.716E+00  0.961E+00  -.146E+01  -.174E+01  0.657E+00
     -.105E+01  0.964E+00  0.259E+01  -.142E+01  -.596E+00  0.669E+00  0.254E+00  0.328E+01  0.184E+00  0.591E-01  0.538E+00  -.170E+00
     0.475E+00  -.174E+01  -.159E+01  -.111E+01  -.681E+00  -.881E+00  -.472E+00  0.767E+00  0.600E+00  0.552E+00  -.970E+00  -.545E+00
     -.351E+00  0.747E+00  0.606E+00  0.134E+00  -.773E+00  -.121E+01  -.187E+01  0.404E+00  0.365E-01  -.832E+00  0.220E+01  -.506E+00
     -.101E+01  0.345E-01  0.550E+00  0.304E+00  -.171E+01  0.179E+01  0.400E+00  -.513E+00  0.743E+00  -.130E-02  -.407E+00  -.909E+00
     -.182E+01  -.104E+01  -.417E+00  -.132E+01  -.154E+00  -.267E+00  -.234E+01  0.126E+01  -.120E+01  0.154E+01  0.278E+00  -.148E+00
     0.488E+00  -.121E+01  0.547E+00  0.103E+01  0.303E+00  -.735E+00  -.398E-01  -.140E+01  0.313E+00  0.229E+01  -.980E+00  -.648E+00
     -.459E+00  -.201E+01  0.109E+01  0.165E+01  0.115E+01  0.257E+00  0.154E+00  0.123E+01  0.715E-01  0.720E+00  -.208E+00  0.735E+00
     0.370E+00  -.681E+00  -.108E+01  -.176E+01  0.127E+00  -.121E+00  0.326E+00  0.545E+00  -.155E+00  -.726E+00  0.120E+01  0.105E+00
     0.327E+00  -.120E+01  0.122E+01  -.946E+00  -.403E+00  -.116E+00  -.362E+00  0.106E+00  -.166E+01  -.413E+00  0.754E-01  0.395E-01
     -.130E+00  0.181E+01  0.301E+00  0.195E+01  0.151E+01  0.100E+01  0.342E+00  -.102E+01  -.717E+00  0.690E+00  -.123E+01  0.690E+00

                                                       MEDIA DA SERIE DE RUIDOS


        JAN        FEV        MAR        ABR        MAI        JUN        JUL        AGO        SET        OUT        NOV        DEZ

POS  -.843E-15  0.466E-14  0.121E-14  -.144E-14  -.541E-14  0.534E-15  -.473E-14  -.354E-15  -.412E-15  -.137E-14  -.360E-14  -.139E-14



                                                     DESVIO PADRAO DA SERIE DE RUIDOS


        JAN        FEV        MAR        ABR        MAI        JUN        JUL        AGO        SET        OUT        NOV        DEZ

POS  0.100E+01  0.100E+01  0.100E+01  0.100E+01  0.100E+01  0.100E+01  0.100E+01  0.100E+01  0.100E+01  0.100E+01  0.100E+01  0.100E+01



                                                     ASSIMETRIA DA SERIE DE RUIDOS


        JAN        FEV        MAR        ABR        MAI        JUN        JUL        AGO        SET        OUT        NOV        DEZ

POS  0.131E+00  -.262E+00  -.490E-01  0.446E+00  -.436E+00  0.279E+00  -.139E-01  0.829E+00  0.491E-02  0.124E+01  0.508E+00  0.402E+00



                                          CORRELOGRAMO DA SERIE DE RUIDOS


   ORDEM
 JAN/POS   -0.05984  -0.15652   0.01845   0.02807  -0.07928  -0.21291  -0.10532  -0.02533   0.00269  -0.23144   0.05719
 FEV/POS    0.25533   0.04752  -0.11191  -0.08466   0.01910  -0.14575  -0.03733   0.08341  -0.20099  -0.02511  -0.11737
 MAR/POS    0.14940  -0.14108  -0.11105  -0.11034   0.05379  -0.05833   0.24623  -0.04253  -0.02472   0.08484  -0.01339
 ABR/POS    0.17405   0.03882  -0.10609   0.07711  -0.17959   0.15468  -0.04525  -0.39255  -0.14371  -0.03979  -0.03258
 MAI/POS    0.13189  -0.01482  -0.04316  -0.02533   0.17270  -0.25829  -0.05212  -0.00944   0.08672  -0.14960   0.05302
 JUN/POS    0.20141   0.22030  -0.07863   0.08341  -0.10532  -0.22025  -0.15219  -0.02866   0.15850  -0.10805  -0.17002
 JUL/POS    0.37024   0.32533   0.21357  -0.04253  -0.03733  -0.21291  -0.16521  -0.26252  -0.22704  -0.07938   0.01025
 AGO/POS   -0.13617  -0.10808   0.04495  -0.39255   0.24623  -0.14575  -0.07928   0.05728  -0.08147  -0.14693   0.30055
 SET/POS   -0.01719  -0.09658  -0.02080  -0.00944  -0.04525  -0.05833   0.01910   0.02807   0.00705  -0.08613  -0.10791
 OUT/POS   -0.16215   0.11795  -0.14706  -0.02866  -0.05212   0.15468   0.05379  -0.08466  -0.35528  -0.14300  -0.03108
 NOV/POS    0.00070  -0.28445   0.10712  -0.26252  -0.15219  -0.25829  -0.17959  -0.11034   0.01969  -0.02760  -0.02624
 DEZ/POS    0.15105   0.01126  -0.07004   0.05728  -0.16521  -0.22025   0.17270   0.07711  -0.11105  -0.01689   0.10652


         CORRELACAO ESPACIAL HISTORICA MENSAL/ANUAL ENTRE AS UHEs

                               1      2      3      4      5      6      7      8      9     10     11     12     ANUAL

  cluster_NE_->FUNIL-GRANDE  -0.33  -0.12  -0.21  -0.05   0.12  -0.12  -0.23  -0.34  -0.29  -0.35  -0.30   0.01  -0.20
  cluster_NE_->BATALHA       -0.07  -0.15  -0.03  -0.15   0.16  -0.06  -0.16  -0.20  -0.45  -0.37  -0.17  -0.03   0.02
  cluster_NE_->SERRA FACAO   -0.22  -0.12  -0.01  -0.16   0.22  -0.03  -0.17  -0.23  -0.25  -0.28  -0.13  -0.11  -0.04
  cluster_NE_->CAPIM BRANC1  -0.11  -0.18  -0.07   0.00   0.03   0.07  -0.13  -0.05  -0.18  -0.26  -0.50  -0.21  -0.17
  cluster_NE_->CAPIM BRANC2  -0.13  -0.22  -0.05   0.01   0.04   0.05  -0.15  -0.03  -0.13  -0.25  -0.51  -0.19  -0.15
  cluster_NE_->CORUMBA IV    -0.24  -0.14   0.02  -0.17   0.06  -0.10  -0.14  -0.24  -0.49  -0.43  -0.30  -0.20  -0.06
  cluster_NE_->PIRAJU         0.08   0.24   0.19   0.15   0.09   0.11   0.11  -0.12  -0.31  -0.06  -0.08   0.41   0.30
  cluster_NE_->ITAIPU         0.02   0.30   0.40   0.23   0.31   0.15   0.06  -0.11  -0.26   0.02   0.04   0.30   0.41
  cluster_NE_->NILO PECANHA   0.22   0.23   0.47   0.09   0.05   0.01   0.16   0.30   0.13   0.17   0.20   0.07   0.34
  cluster_NE_->FONTES        -0.09   0.28   0.03  -0.02  -0.04  -0.05  -0.07  -0.12   0.04  -0.06  -0.13  -0.25  -0.20
  cluster_NE_->BAGUARI       -0.53  -0.17  -0.04   0.03   0.19   0.00  -0.18  -0.26  -0.34  -0.28  -0.30  -0.30  -0.22
  cluster_NE_->SAO DOMINGOS  -0.03  -0.06  -0.05  -0.11   0.02  -0.03   0.06   0.07  -0.01  -0.11  -0.12   0.16   0.12
  cluster_NE_->RETIRO BAIXO  -0.37  -0.16  -0.27  -0.02   0.17  -0.03  -0.19  -0.38  -0.55  -0.42  -0.39  -0.22  -0.28
  cluster_NE_->TRES MARIAS   -0.32  -0.13  -0.13  -0.03   0.20  -0.12  -0.19  -0.30  -0.36  -0.39  -0.39  -0.04  -0.12
  cluster_NE_->QUEIMADO      -0.14  -0.02   0.02  -0.13   0.19  -0.02  -0.13  -0.20  -0.34  -0.44  -0.40  -0.29  -0.06
  cluster_NE_->JAURU         -0.04  -0.13  -0.09  -0.25   0.18   0.06  -0.07  -0.17  -0.33  -0.14  -0.37  -0.02  -0.13
  cluster_NE_->GUAPORE        0.02  -0.22   0.01  -0.27  -0.09   0.17  -0.01  -0.09  -0.26   0.09   0.26   0.11  -0.01
  cluster_NE_->CORUMBA III   -0.17  -0.15  -0.12  -0.15  -0.09  -0.27  -0.19  -0.22  -0.30  -0.45  -0.27  -0.13  -0.07
  cluster_NE_->SINOP          0.09  -0.20   0.02  -0.47  -0.18  -0.23  -0.09  -0.01  -0.08  -0.15  -0.13   0.08  -0.15
  cluster_NE_->COLIDER        0.08  -0.10   0.05  -0.43  -0.12  -0.24   0.00  -0.10  -0.09  -0.12  -0.15   0.08  -0.13
  cluster_NE_->TELES PIRES    0.31  -0.06   0.15  -0.48  -0.49  -0.15  -0.13   0.03  -0.22   0.17   0.20  -0.10  -0.15
  cluster_NE_->SAO MANOEL     0.18   0.08   0.19  -0.49  -0.41  -0.04  -0.07   0.09  -0.20   0.09  -0.04   0.14   0.04
  cluster_NE_->SLT VERDINHO  -0.34  -0.03  -0.26  -0.46  -0.08  -0.38  -0.21  -0.18  -0.51  -0.25  -0.21   0.06  -0.33
  cluster_NE_->OURINHOS       0.03   0.22   0.29   0.26   0.19   0.07   0.18  -0.04  -0.29  -0.10  -0.13   0.33   0.33
  cluster_NE_->SERRA MESA    -0.30  -0.16  -0.01  -0.23   0.13  -0.18  -0.20  -0.34  -0.50  -0.63  -0.40  -0.37  -0.16
  cluster_NE_->CANA BRAVA    -0.31  -0.18  -0.16  -0.21  -0.24   0.03  -0.19  -0.22  -0.31  -0.34  -0.39  -0.47  -0.30
  cluster_NE_->SAO SALVADOR   0.00  -0.15  -0.18  -0.10   0.10  -0.01  -0.23  -0.03  -0.35  -0.14  -0.41  -0.36  -0.13
  cluster_NE_->PEIXE ANGIC   -0.15  -0.11  -0.11  -0.28  -0.27  -0.21  -0.20  -0.25  -0.49  -0.62  -0.43  -0.41  -0.16
  cluster_NE_->LAJEADO        0.06  -0.09   0.10  -0.31  -0.40  -0.27  -0.24   0.12  -0.04  -0.22  -0.26  -0.31  -0.29
  cluster_NE_->SALTO         -0.31  -0.18  -0.32  -0.38  -0.10  -0.35  -0.24  -0.26  -0.55  -0.39  -0.14  -0.01  -0.38
  cluster_NE_->RONDON II      0.10  -0.07  -0.13  -0.39  -0.24  -0.12   0.15  -0.01  -0.01  -0.14  -0.12   0.21  -0.01
  cluster_NE_->PONTE PEDRA   -0.45  -0.13  -0.03  -0.05   0.04  -0.03   0.03  -0.09  -0.18   0.01  -0.45  -0.22  -0.12
  cluster_NE_->JIRAU          0.15  -0.07  -0.01  -0.42  -0.03   0.05  -0.09  -0.17  -0.29  -0.17   0.13   0.23  -0.06
  cluster_NE_->STO ANTONIO   -0.08  -0.29  -0.15  -0.31  -0.09   0.11   0.08   0.09  -0.11  -0.07  -0.11  -0.01  -0.09
  cluster_NE_->ESPORA        -0.24  -0.10  -0.36  -0.49  -0.34  -0.25   0.02  -0.04  -0.34  -0.12  -0.34   0.06  -0.35
  cluster_NE_->ITIQUIRA I    -0.23  -0.06  -0.10  -0.27  -0.18  -0.25   0.05  -0.15  -0.34  -0.07  -0.29  -0.07  -0.13
  cluster_NE_->ITIQUIRA II    0.00   0.00   0.00   0.00   0.00   0.00   0.00   0.00   0.00   0.00   0.00   0.00   0.00
  cluster_NE_->DARDANELOS     0.08   0.07  -0.03  -0.41  -0.39  -0.20  -0.06  -0.39  -0.29  -0.20   0.06  -0.17  -0.24
  cluster_NE_->CACU          -0.37  -0.11  -0.22  -0.28  -0.11  -0.30  -0.13  -0.26  -0.49  -0.26  -0.26   0.06  -0.23
  cluster_NE_->B. COQUEIROS  -0.38  -0.09  -0.20  -0.38  -0.09  -0.27  -0.09  -0.33  -0.48  -0.17  -0.23   0.09  -0.24
  cluster_NE_->FOZ R. CLARO  -0.21  -0.12  -0.14  -0.38  -0.15  -0.19  -0.18  -0.09  -0.34  -0.16  -0.13   0.13  -0.13
  cluster_NE_->FICT.MAUA      0.05   0.12   0.28   0.24   0.24   0.19  -0.09  -0.23  -0.34  -0.07  -0.02   0.28   0.31
  cluster_NE_->GUARAPIRANGA   0.09  -0.25  -0.03   0.04   0.00   0.07  -0.04   0.07  -0.21   0.02   0.06   0.17   0.21
  cluster_NE_->BILLINGS       0.02  -0.36  -0.15  -0.13  -0.02   0.07  -0.38  -0.31  -0.41  -0.23   0.16   0.05  -0.03
  cluster_NE_->HENRY BORDEN   0.00  -0.37  -0.17  -0.14   0.01   0.08  -0.28  -0.11  -0.25  -0.20   0.17   0.03   0.04
  cluster_NE_->JAGUARI       -0.13  -0.23  -0.48  -0.13  -0.05  -0.07  -0.20  -0.37  -0.31  -0.24  -0.08   0.01  -0.26
  cluster_NE_->PARAIBUNA     -0.25  -0.32  -0.44  -0.12  -0.12  -0.18  -0.35  -0.47  -0.30  -0.40  -0.01  -0.12  -0.45
  cluster_NE_->SANTA BRANCA   0.03  -0.07  -0.36  -0.20   0.17   0.14  -0.19  -0.07  -0.44  -0.24  -0.05  -0.05  -0.16
  cluster_NE_->FUNIL         -0.25  -0.17  -0.46  -0.06  -0.10  -0.08  -0.13  -0.41  -0.28  -0.25  -0.24  -0.09  -0.34
  cluster_NE_->LAJES         -0.44  -0.31  -0.38  -0.28  -0.42  -0.15  -0.42  -0.19  -0.12  -0.37  -0.05   0.01  -0.42
  cluster_NE_->PICADA        -0.39  -0.21  -0.23  -0.08   0.02  -0.19  -0.15  -0.40  -0.19  -0.32  -0.24  -0.05  -0.32
  cluster_NE_->SOBRAGI       -0.43  -0.20  -0.30  -0.05   0.10  -0.15  -0.22  -0.46  -0.25  -0.26  -0.09  -0.01  -0.27
  cluster_NE_->SIMPLICIO      0.07   0.16   0.00  -0.19  -0.17  -0.36  -0.16  -0.30  -0.24  -0.36  -0.14  -0.18  -0.31
  cluster_NE_->ILHA POMBOS   -0.29  -0.25  -0.47  -0.06   0.28   0.09   0.03  -0.07  -0.06   0.00  -0.17  -0.01  -0.30
  cluster_NE_->P. PASSOS      0.00   0.00   0.00   0.00   0.00   0.00   0.00   0.00   0.00   0.00   0.00   0.00   0.00
  cluster_NE_->SALTO GRANDE  -0.53  -0.14  -0.10   0.06   0.31  -0.06  -0.14  -0.26  -0.47  -0.43  -0.41  -0.22  -0.17
  cluster_NE_->P. ESTRELA    -0.53  -0.05  -0.05   0.06   0.23  -0.10  -0.24  -0.34  -0.52  -0.37  -0.40  -0.28  -0.19
  cluster_NE_->CANDONGA      -0.42  -0.17  -0.21  -0.13   0.11  -0.24  -0.18  -0.40  -0.43  -0.34  -0.36  -0.19  -0.29
  cluster_NE_->AIMORES       -0.53  -0.13  -0.10  -0.10   0.13  -0.09  -0.14  -0.32  -0.35  -0.28  -0.37  -0.31  -0.29
  cluster_NE_->MASCARENHAS   -0.57  -0.19  -0.12  -0.14   0.17  -0.17  -0.17  -0.35  -0.41  -0.39  -0.36  -0.38  -0.33
  cluster_NE_->GUILMAN-AMOR  -0.51  -0.17  -0.19  -0.12   0.18  -0.19  -0.20  -0.35  -0.47  -0.38  -0.38  -0.18  -0.30
  cluster_NE_->SA CARVALHO   -0.52  -0.14  -0.13  -0.12   0.16  -0.20  -0.13  -0.39  -0.42  -0.39  -0.41  -0.27  -0.31
  cluster_NE_->ROSAL         -0.44  -0.39  -0.32  -0.32  -0.07  -0.39  -0.36  -0.46  -0.32  -0.34  -0.25  -0.15  -0.46
  cluster_NE_->SAMUEL         0.36  -0.18   0.05  -0.36  -0.21  -0.10  -0.19  -0.46  -0.35  -0.04   0.23   0.08  -0.18
  cluster_NE_->IRAPE         -0.47  -0.11  -0.15   0.07   0.31   0.07  -0.16  -0.29  -0.39  -0.56  -0.38  -0.35  -0.13
  cluster_NE_->STA CLARA MG  -0.44  -0.02   0.09  -0.06   0.21   0.06  -0.19  -0.14  -0.40  -0.32  -0.33  -0.15  -0.15
  cluster_NE_->CAMARGOS      -0.36  -0.04  -0.12   0.11   0.23  -0.09  -0.18  -0.36  -0.20  -0.29  -0.27  -0.09  -0.15
  cluster_NE_->ITUTINGA       0.00   0.00   0.00   0.00   0.00   0.00   0.00   0.00   0.00   0.00   0.00   0.00   0.00
  cluster_NE_->FURNAS        -0.30  -0.08  -0.19  -0.06   0.18  -0.05  -0.18  -0.45  -0.32  -0.27  -0.23  -0.01  -0.16
  cluster_NE_->M. DE MORAES  -0.27   0.00  -0.17  -0.15  -0.18  -0.14  -0.12  -0.26  -0.08  -0.19  -0.19  -0.05  -0.07
  cluster_NE_->ESTREITO      -0.06   0.01  -0.13  -0.11  -0.01  -0.12  -0.17  -0.28  -0.40  -0.17  -0.08   0.05  -0.21
  cluster_NE_->JAGUARA        0.11   0.09  -0.09  -0.12  -0.01  -0.11  -0.11  -0.11  -0.31  -0.13  -0.05   0.08  -0.20
  cluster_NE_->IGARAPAVA      0.02   0.04  -0.12  -0.12  -0.01  -0.12  -0.15  -0.23  -0.38  -0.16  -0.06   0.05  -0.21
  cluster_NE_->VOLTA GRANDE  -0.11  -0.02  -0.15  -0.09   0.01  -0.14  -0.17  -0.30  -0.40  -0.20  -0.10   0.01  -0.22
  cluster_NE_->P. COLOMBIA   -0.26  -0.09  -0.16  -0.06   0.05  -0.14  -0.13  -0.32  -0.37  -0.24  -0.18  -0.04  -0.23
  cluster_NE_->CACONDE       -0.16  -0.14  -0.14  -0.03   0.13  -0.06  -0.10  -0.47  -0.33  -0.26  -0.08   0.09  -0.12
  cluster_NE_->E. DA CUNHA   -0.15   0.01   0.01   0.01   0.22  -0.07  -0.06  -0.33  -0.25  -0.25  -0.13   0.15   0.01
  cluster_NE_->A.S.OLIVEIRA  -0.08   0.06   0.03  -0.04   0.05   0.07  -0.02  -0.30  -0.01  -0.24   0.05   0.09  -0.13
  cluster_NE_->MARIMBONDO    -0.09   0.09   0.04  -0.05   0.16  -0.09  -0.01  -0.29  -0.43  -0.29  -0.19   0.02  -0.07
  cluster_NE_->A. VERMELHA   -0.01  -0.08  -0.27  -0.26  -0.18  -0.22  -0.04  -0.27  -0.14  -0.37   0.05   0.07  -0.18
  cluster_NE_->I. SOLTEIRA   -0.02  -0.16  -0.23  -0.19   0.22  -0.32   0.00  -0.07  -0.26  -0.17   0.07   0.15   0.05
  cluster_NE_->EMBORCACAO    -0.26  -0.11  -0.03   0.02   0.26   0.03  -0.26  -0.23  -0.27  -0.25  -0.32  -0.13   0.01
  cluster_NE_->NOVA PONTE    -0.37  -0.12  -0.08  -0.02   0.18  -0.08  -0.19  -0.42  -0.48  -0.31  -0.19   0.00  -0.12
  cluster_NE_->MIRANDA       -0.44  -0.20  -0.19  -0.10  -0.11  -0.07  -0.18  -0.13   0.02  -0.29  -0.26  -0.14  -0.27
  cluster_NE_->CORUMBA I     -0.01  -0.15  -0.03  -0.18   0.13  -0.10  -0.14  -0.16  -0.53  -0.37  -0.21   0.00   0.05
  cluster_NE_->ITUMBIARA     -0.18  -0.26  -0.14  -0.11   0.04   0.03  -0.03  -0.24  -0.19  -0.10   0.11   0.14  -0.05
  cluster_NE_->CACH.DOURADA  -0.10  -0.08  -0.05  -0.44  -0.13  -0.37  -0.11  -0.05  -0.12  -0.44  -0.22  -0.13  -0.20
  cluster_NE_->SAO SIMAO     -0.25  -0.19  -0.24  -0.31   0.08  -0.25  -0.18  -0.33  -0.55  -0.46  -0.20  -0.02  -0.29
  cluster_NE_->BARRA BONITA  -0.03  -0.05  -0.08   0.02   0.15   0.04  -0.11  -0.29  -0.38  -0.19  -0.05   0.15   0.04
  cluster_NE_->A.S. LIMA      0.11   0.23  -0.10   0.07   0.16   0.03   0.23   0.08  -0.14  -0.08  -0.03   0.23   0.27
  cluster_NE_->IBITINGA      -0.08   0.01   0.06   0.08   0.13  -0.07   0.06  -0.21  -0.24  -0.17  -0.01   0.07   0.13
  cluster_NE_->PROMISSAO     -0.19  -0.04   0.00   0.07   0.33  -0.16   0.14  -0.24  -0.37  -0.40  -0.36  -0.08   0.03
  cluster_NE_->NAVANHANDAVA  -0.06  -0.02   0.07   0.17   0.31   0.01  -0.01  -0.10  -0.03  -0.25   0.02   0.23   0.11
  cluster_NE_->TRES IRMAOS    0.25   0.24  -0.09  -0.03   0.04  -0.05   0.15   0.08  -0.15  -0.23  -0.29  -0.03  -0.08
  cluster_NE_->JUPIA          0.17   0.00  -0.17   0.02   0.10  -0.01   0.06  -0.08  -0.01  -0.07   0.02  -0.01   0.06
  cluster_NE_->P. PRIMAVERA   0.33   0.36   0.15   0.07   0.19   0.03  -0.14  -0.16  -0.17  -0.11  -0.09   0.26   0.11
  cluster_NE_->MANSO         -0.28  -0.30  -0.20  -0.56  -0.29  -0.20  -0.19  -0.37  -0.47  -0.27  -0.08   0.14  -0.37
  cluster_NE_->A.A. LAYDNER  -0.01   0.14   0.18   0.21   0.15   0.10  -0.07  -0.12  -0.35  -0.18   0.03   0.24   0.22
  cluster_NE_->CHAVANTES      0.04   0.19   0.32   0.28   0.22   0.08  -0.19  -0.19  -0.36  -0.14   0.03   0.29   0.27
  cluster_NE_->L.N. GARCEZ   -0.06   0.13   0.10   0.21   0.15   0.08   0.05  -0.20  -0.33  -0.23  -0.12   0.21   0.19
  cluster_NE_->CANOAS II     -0.04   0.18   0.08   0.21   0.02   0.09   0.08  -0.21  -0.31  -0.24  -0.07   0.32   0.18
  cluster_NE_->CANOAS I      -0.08   0.15   0.11   0.19   0.12   0.08  -0.01  -0.25  -0.34  -0.27  -0.01   0.30   0.17
  cluster_NE_->CAPIVARA       0.07   0.28   0.46   0.22   0.22   0.01  -0.03  -0.03  -0.25  -0.13   0.07   0.27   0.33
  cluster_NE_->TAQUARUCU      0.14   0.16   0.27   0.26   0.25   0.10   0.11   0.07  -0.07   0.00  -0.22   0.21   0.25
  cluster_NE_->ROSANA         0.07   0.13   0.37   0.42   0.25   0.07   0.11  -0.18  -0.21  -0.22  -0.26   0.30   0.21
  cluster_NE_->MAUA           0.05   0.12   0.28   0.24   0.24   0.19  -0.09  -0.23  -0.34  -0.07  -0.02   0.28   0.31
  cluster_NE_->STA CLARA PR   0.09   0.06   0.28   0.26   0.27   0.15  -0.09  -0.27  -0.35  -0.07   0.09   0.27   0.34
  cluster_NE_->FUNDAO         0.25   0.14   0.32   0.20   0.29   0.16  -0.01  -0.16  -0.21  -0.01   0.13   0.25   0.46
  cluster_NE_->G.B. MUNHOZ    0.07   0.03   0.34   0.19   0.20   0.24  -0.03  -0.12  -0.25  -0.12   0.02   0.15   0.31
  cluster_NE_->BAIXO IGUACU   0.08   0.07   0.35   0.24   0.25   0.19  -0.04  -0.19  -0.27  -0.06   0.07   0.23   0.33
  cluster_NE_->BARRA GRANDE   0.26   0.27   0.33   0.37   0.11   0.25  -0.08  -0.18  -0.18   0.06   0.07   0.02   0.22
  cluster_NE_->GARIBALDI      0.30   0.16   0.40   0.32   0.13   0.28  -0.03  -0.14  -0.11   0.01   0.11  -0.03   0.26
  cluster_NE_->CAMPOS NOVOS   0.04   0.18   0.23   0.30   0.07   0.27  -0.02  -0.21  -0.07  -0.02   0.07   0.11   0.26
  cluster_NE_->MACHADINHO     0.11   0.20   0.35   0.33   0.15   0.30  -0.03  -0.16  -0.19  -0.14   0.05   0.12   0.24
  cluster_NE_->ITA            0.19   0.14   0.29   0.27   0.13   0.21  -0.03  -0.20  -0.23  -0.03  -0.03   0.06   0.22
  cluster_NE_->PASSO FUNDO    0.07   0.07   0.37   0.34   0.21   0.22  -0.10  -0.24  -0.37  -0.16   0.06   0.12   0.24
  cluster_NE_->MONJOLINHO     0.02  -0.11   0.27   0.22   0.14   0.07  -0.03  -0.20  -0.12  -0.09   0.07   0.10   0.08
  cluster_NE_->QUEBRA QUEIX   0.12   0.12   0.40   0.28   0.18   0.21  -0.04  -0.09  -0.24  -0.08   0.07   0.19   0.27
  cluster_NE_->SAO JOSE       0.15   0.16   0.17   0.20   0.21   0.15  -0.12  -0.36  -0.23   0.08   0.22   0.15   0.09
  cluster_NE_->PASSO S JOAO  -0.01   0.10   0.26  -0.07   0.13   0.16  -0.15  -0.30  -0.17   0.02  -0.04   0.15   0.09
  cluster_NE_->FOZ CHAPECO    0.16   0.06   0.30   0.11   0.04   0.13  -0.08  -0.18  -0.09  -0.17  -0.01   0.14   0.05
  cluster_NE_->CASTRO ALVES   0.27   0.30   0.36   0.16   0.02   0.16  -0.10  -0.23  -0.17   0.20   0.04  -0.18   0.10
  cluster_NE_->MONTE CLARO    0.00   0.25   0.36   0.28   0.15   0.16  -0.11  -0.22  -0.18   0.01   0.08  -0.11   0.08
  cluster_NE_->14 DE JULHO    0.04   0.24   0.38   0.12   0.07   0.23  -0.11  -0.18  -0.02   0.17   0.08  -0.10   0.19
  cluster_NE_->ERNESTINA     -0.02   0.10   0.23   0.32   0.24   0.22  -0.15  -0.27  -0.24   0.09   0.02   0.15   0.13
  cluster_NE_->PASSO REAL     0.12   0.20   0.21   0.27   0.17   0.21  -0.09  -0.38  -0.19   0.10   0.18   0.11   0.07
  cluster_NE_->JACUI          0.06   0.07   0.27   0.15   0.08   0.26  -0.09  -0.25   0.09   0.21   0.16   0.17   0.13
  cluster_NE_->ITAUBA         0.19   0.22   0.30   0.20   0.16   0.20  -0.06  -0.38  -0.09   0.07   0.06   0.20   0.06
  cluster_NE_->D. FRANCISCA   0.16   0.15   0.29   0.12   0.07   0.19  -0.18  -0.36   0.05   0.24   0.31   0.23   0.13
  cluster_NE_->G.P. SOUZA    -0.04   0.05   0.02   0.15   0.15   0.13  -0.09  -0.02  -0.23  -0.04   0.08   0.12   0.28
  cluster_NE_->SALTO PILAO    0.26   0.14   0.33   0.27   0.11   0.36  -0.04  -0.11  -0.05   0.06   0.06  -0.03   0.22
  cluster_NE_->JORDAO        -0.24  -0.19  -0.25  -0.09  -0.01  -0.12  -0.03   0.20   0.46   0.00  -0.02  -0.19  -0.34
  cluster_NE_->SEGREDO        0.23   0.19   0.30   0.20   0.26   0.17   0.00  -0.14  -0.31  -0.03   0.15   0.27   0.38
  cluster_NE_->SLT.SANTIAGO   0.06   0.06   0.32   0.22   0.34   0.08  -0.04  -0.19  -0.22  -0.01   0.00   0.27   0.32
  cluster_NE_->SALTO OSORIO  -0.07   0.03   0.27   0.18   0.22   0.19   0.06  -0.21  -0.20  -0.03   0.04   0.27   0.34
  cluster_NE_->SALTO CAXIAS   0.10   0.08   0.35   0.27   0.25   0.12  -0.06  -0.30  -0.32   0.01   0.12   0.23   0.29
  cluster_NE_->SOBRADINHO     0.18  -0.06   0.33  -0.07   0.18  -0.04  -0.21  -0.26  -0.35  -0.39  -0.44  -0.33  -0.12
  cluster_NE_->ITAPARICA      0.10   0.08   0.12  -0.38  -0.05  -0.27   0.05  -0.20   0.01   0.16   0.36  -0.20  -0.42
  cluster_NE_->COMP PAF-MOX   0.39   0.15   0.17   0.04   0.22  -0.03  -0.01  -0.26  -0.10  -0.06   0.28  -0.01  -0.07
  cluster_NE_->XINGO         -0.07   0.31   0.19  -0.03   0.05  -0.10  -0.12   0.07   0.09  -0.12  -0.20   0.09  -0.16
  cluster_NE_->FICT.QUEIMAD  -0.14  -0.02   0.02  -0.13   0.19  -0.02  -0.13  -0.20  -0.34  -0.44  -0.40  -0.29  -0.06
  cluster_NE_->FICT.TRES MA  -0.32  -0.13  -0.13  -0.03   0.20  -0.12  -0.19  -0.30  -0.36  -0.39  -0.39  -0.04  -0.12
  cluster_NE_->FICT.RETIRO   -0.37  -0.16  -0.27  -0.02   0.17  -0.03  -0.19  -0.38  -0.55  -0.42  -0.39  -0.22  -0.28
  cluster_NE_->ITAPEBI       -0.34  -0.03   0.03   0.00   0.19  -0.02  -0.24  -0.23  -0.31  -0.17  -0.28  -0.28  -0.15
  cluster_NE_->FICT.IRAPE    -0.47  -0.11  -0.15   0.07   0.31   0.07  -0.16  -0.29  -0.39  -0.56  -0.38  -0.35  -0.13
  cluster_NE_->P. CAVALO     -0.43   0.01  -0.03  -0.25   0.02  -0.13  -0.04   0.15  -0.26  -0.41  -0.46  -0.48  -0.16
  cluster_NE_->B. ESPERANCA  -0.47  -0.36  -0.47  -0.66  -0.60  -0.52  -0.48  -0.40  -0.52  -0.64  -0.40  -0.61  -0.59
  cluster_NE_->CACH.CALDEIR   0.17  -0.04   0.00   0.06  -0.27  -0.21  -0.13   0.03   0.18  -0.01   0.17  -0.43  -0.38
  cluster_NE_->ESTREITO TOC   0.11  -0.19  -0.07  -0.56  -0.57  -0.48  -0.32  -0.29  -0.31  -0.42  -0.33  -0.48  -0.51
  cluster_NE_->TUCURUI        0.30  -0.12   0.29  -0.35  -0.43  -0.50  -0.39  -0.28  -0.48  -0.37   0.12  -0.30  -0.48
  cluster_NE_->BALBINA        0.36   0.20  -0.07  -0.01  -0.34  -0.19  -0.29   0.00   0.04   0.34   0.05  -0.17  -0.25
  cluster_NE_->COARACY NUNE   0.08  -0.11  -0.06   0.16  -0.14  -0.13   0.01   0.03  -0.11  -0.11   0.24  -0.41  -0.34
  cluster_NE_->FERREIRA GOM   0.16   0.27   0.18   0.06  -0.07  -0.20  -0.17   0.09   0.18   0.10   0.17  -0.31   0.02
  cluster_NE_->STO ANT JARI   0.13  -0.13  -0.05  -0.13  -0.33  -0.27  -0.12  -0.01   0.24   0.06   0.00  -0.48  -0.39
  cluster_NE_->FICT.SERRA M  -0.30  -0.16  -0.01  -0.23   0.13  -0.18  -0.20  -0.34  -0.50  -0.63  -0.40  -0.37  -0.16
  cluster_NE_->FICT.CANA BR  -0.31  -0.18  -0.16  -0.21  -0.24   0.03  -0.19  -0.22  -0.31  -0.34  -0.39  -0.47  -0.30
  cluster_NE_->FICT.LAJEADO   0.06  -0.09   0.10  -0.31  -0.40  -0.27  -0.24   0.12  -0.04  -0.22  -0.26  -0.31  -0.29
  cluster_NE_->FICT.PEIXE A  -0.15  -0.11  -0.11  -0.28  -0.27  -0.21  -0.20  -0.25  -0.49  -0.62  -0.43  -0.41  -0.16
  cluster_NE_->FICT.SAO SAL   0.00  -0.15  -0.18  -0.10   0.10  -0.01  -0.23  -0.03  -0.35  -0.14  -0.41  -0.36  -0.13
  cluster_NE_->PIMENTAL       0.25  -0.15   0.08  -0.26  -0.55   0.00   0.00  -0.03  -0.14  -0.04   0.00   0.00  -0.38
  cluster_NE_->CURUA-UNA      0.33  -0.31  -0.31  -0.59  -0.67  -0.40  -0.46  -0.13   0.05  -0.01   0.13  -0.50  -0.50
  cluster_NE_->BELO MONTE     0.29  -0.14  -0.10  -0.52  -0.51  -0.43  -0.37  -0.24  -0.35  -0.23   0.19  -0.39  -0.52
  cluster_NE_-> cluster_S_1  -0.35   0.01  -0.32   0.20   0.16  -0.13   0.19   0.15   0.26   0.08   0.14   0.04   0.06
  cluster_S_1->FUNIL-GRANDE   0.52   0.30  -0.02  -0.23   0.00   0.02   0.10  -0.15  -0.01  -0.29  -0.33  -0.20  -0.01
  cluster_S_1->BATALHA        0.27   0.25   0.16  -0.09   0.01   0.11   0.16  -0.22  -0.11  -0.35  -0.18  -0.03  -0.09
  cluster_S_1->SERRA FACAO    0.26   0.11   0.03  -0.24  -0.04   0.17   0.10  -0.11  -0.05  -0.29  -0.17   0.15  -0.16
  cluster_S_1->CAPIM BRANC1   0.07   0.35   0.16   0.02   0.19   0.08   0.22  -0.25  -0.14   0.42  -0.25   0.15   0.32
  cluster_S_1->CAPIM BRANC2   0.05   0.34   0.09   0.01   0.19   0.13   0.26  -0.26  -0.14   0.42  -0.27   0.13   0.31
  cluster_S_1->CORUMBA IV     0.31   0.21   0.04  -0.13  -0.09   0.15   0.23  -0.29  -0.07  -0.34  -0.23   0.02  -0.12
  cluster_S_1->PIRAJU         0.08   0.13  -0.09   0.22   0.16  -0.07  -0.18   0.08  -0.21   0.11  -0.09  -0.06   0.05
  cluster_S_1->ITAIPU        -0.20   0.06  -0.13   0.21   0.22   0.04  -0.29   0.18  -0.19  -0.08   0.04   0.08   0.07
  cluster_S_1->NILO PECANHA  -0.09  -0.24  -0.23   0.21  -0.04   0.08  -0.09  -0.04   0.04   0.13   0.07   0.24   0.02
  cluster_S_1->FONTES         0.05  -0.19  -0.03   0.20  -0.09  -0.36   0.24   0.08   0.06  -0.09  -0.19   0.11   0.04
  cluster_S_1->BAGUARI        0.28   0.18   0.18   0.02   0.23  -0.05   0.17  -0.27   0.09  -0.28  -0.36  -0.04   0.18
  cluster_S_1->SAO DOMINGOS   0.16   0.00   0.29   0.08   0.07   0.08  -0.12   0.17  -0.04  -0.02  -0.16   0.15   0.24
  cluster_S_1->RETIRO BAIXO   0.53   0.27  -0.08  -0.06   0.09   0.06   0.16  -0.27  -0.10  -0.34  -0.27  -0.16  -0.01
  cluster_S_1->TRES MARIAS    0.45   0.30   0.24  -0.21   0.19   0.19   0.06  -0.05  -0.04  -0.23  -0.33  -0.12   0.14
  cluster_S_1->QUEIMADO       0.33   0.21   0.04  -0.05   0.04   0.15   0.27  -0.18  -0.06  -0.40  -0.23   0.01  -0.07
  cluster_S_1->JAURU          0.41   0.15  -0.20   0.15  -0.21  -0.11   0.15  -0.31  -0.19  -0.16  -0.09  -0.17  -0.17
  cluster_S_1->GUAPORE       -0.05  -0.03  -0.06   0.04  -0.32  -0.01   0.06  -0.20  -0.34   0.19   0.15   0.00  -0.25
  cluster_S_1->CORUMBA III    0.27   0.22   0.21  -0.18  -0.12   0.17   0.02   0.22  -0.06  -0.26  -0.28   0.02   0.00
  cluster_S_1->SINOP          0.00   0.28   0.01  -0.39  -0.30   0.15  -0.06   0.10   0.19  -0.44  -0.06   0.06  -0.15
  cluster_S_1->COLIDER        0.00   0.33  -0.05  -0.39  -0.27   0.14  -0.03   0.06   0.25  -0.42  -0.08   0.07  -0.12
  cluster_S_1->TELES PIRES   -0.10   0.11  -0.12  -0.29  -0.21  -0.17  -0.27  -0.01  -0.10  -0.08   0.38  -0.04  -0.36
  cluster_S_1->SAO MANOEL    -0.08   0.36  -0.17  -0.29  -0.24   0.04  -0.11  -0.12   0.09  -0.08  -0.05  -0.15  -0.17
  cluster_S_1->SLT VERDINHO   0.46   0.25   0.31  -0.25  -0.08   0.06  -0.14  -0.12  -0.18  -0.32   0.12  -0.07   0.06
  cluster_S_1->OURINHOS       0.08   0.14  -0.03   0.21   0.24  -0.03  -0.13   0.16  -0.17  -0.06  -0.10  -0.23   0.06
  cluster_S_1->SERRA MESA     0.26   0.19  -0.04  -0.16  -0.13   0.21   0.10  -0.33  -0.12  -0.27  -0.34   0.21  -0.03
  cluster_S_1->CANA BRAVA     0.22   0.15  -0.04  -0.21  -0.15  -0.09   0.21  -0.34   0.04  -0.29  -0.20   0.12  -0.04
  cluster_S_1->SAO SALVADOR   0.02   0.16  -0.20  -0.10  -0.09   0.31  -0.03  -0.29   0.06   0.12  -0.20  -0.02   0.01
  cluster_S_1->PEIXE ANGIC    0.23   0.18   0.11  -0.30  -0.06   0.26   0.27  -0.42  -0.13  -0.20  -0.26   0.17  -0.04
  cluster_S_1->LAJEADO       -0.13   0.35  -0.20  -0.09  -0.30   0.13  -0.05  -0.08  -0.13  -0.20  -0.13   0.04  -0.05
  cluster_S_1->SALTO          0.50   0.23   0.33  -0.11  -0.03   0.05  -0.02  -0.15  -0.17  -0.29   0.01  -0.03   0.04
  cluster_S_1->RONDON II      0.06  -0.25   0.11  -0.54  -0.12   0.03   0.03   0.30  -0.04   0.00  -0.22   0.03  -0.21
  cluster_S_1->PONTE PEDRA    0.26   0.24   0.14   0.19   0.00   0.08   0.00  -0.34  -0.32   0.17  -0.01  -0.03   0.20
  cluster_S_1->JIRAU         -0.04  -0.15  -0.19   0.10   0.04   0.34  -0.17   0.06  -0.09  -0.34   0.12  -0.10  -0.13
  cluster_S_1->STO ANTONIO    0.18  -0.05   0.11  -0.12  -0.04   0.23  -0.26   0.11  -0.30  -0.12  -0.06  -0.02  -0.21
  cluster_S_1->ESPORA         0.35   0.08   0.28  -0.25  -0.09   0.13  -0.12  -0.13  -0.24  -0.01   0.19  -0.03   0.00
  cluster_S_1->ITIQUIRA I     0.33   0.22  -0.03  -0.13  -0.05   0.24  -0.23  -0.11  -0.09  -0.19   0.06  -0.04   0.11
  cluster_S_1->ITIQUIRA II    0.00   0.00   0.00   0.00   0.00   0.00   0.00   0.00   0.00   0.00   0.00   0.00   0.00
  cluster_S_1->DARDANELOS     0.04   0.24   0.08  -0.31  -0.11   0.06  -0.27  -0.07   0.12  -0.22   0.31  -0.10  -0.15
  cluster_S_1->CACU           0.44   0.23   0.29  -0.20   0.04  -0.06   0.00  -0.06  -0.19  -0.30   0.06  -0.05  -0.03
  cluster_S_1->B. COQUEIROS   0.42   0.24   0.33  -0.27   0.12   0.01  -0.04   0.11  -0.13  -0.29   0.08  -0.07   0.01
  cluster_S_1->FOZ R. CLARO   0.31   0.18   0.21  -0.25   0.06  -0.02  -0.04   0.06  -0.11  -0.25   0.15  -0.16   0.00
  cluster_S_1->FICT.MAUA      0.06   0.24   0.06   0.30   0.35  -0.02  -0.26   0.23   0.01  -0.03  -0.11  -0.08   0.08
  cluster_S_1->GUARAPIRANGA   0.08  -0.17   0.26  -0.21  -0.01  -0.09  -0.16   0.03  -0.20   0.16  -0.12  -0.26  -0.13
  cluster_S_1->BILLINGS      -0.03   0.03   0.24  -0.27   0.09  -0.17  -0.11  -0.03  -0.21   0.03   0.05  -0.22  -0.19
  cluster_S_1->HENRY BORDEN   0.00  -0.11   0.29  -0.27   0.03  -0.21  -0.05   0.07  -0.23   0.06   0.13  -0.13  -0.14
  cluster_S_1->JAGUARI        0.13   0.18   0.19  -0.21   0.04  -0.10   0.15   0.10  -0.08  -0.17  -0.24  -0.23  -0.05
  cluster_S_1->PARAIBUNA      0.06   0.21   0.24  -0.21  -0.04  -0.12   0.13  -0.01  -0.06  -0.26   0.02  -0.19  -0.06
  cluster_S_1->SANTA BRANCA  -0.14   0.17   0.37  -0.15  -0.02  -0.04   0.06  -0.21  -0.26   0.15   0.04  -0.14   0.21
  cluster_S_1->FUNIL          0.14   0.23   0.20  -0.17   0.04  -0.10   0.23  -0.05  -0.07  -0.25  -0.05  -0.26   0.00
  cluster_S_1->LAJES          0.30   0.33   0.09  -0.32  -0.11  -0.11   0.02   0.01   0.01  -0.14   0.14  -0.09  -0.01
  cluster_S_1->PICADA         0.37   0.30   0.10  -0.09   0.04   0.01   0.11   0.00  -0.06  -0.25  -0.20   0.02   0.14
  cluster_S_1->SOBRAGI        0.38   0.19  -0.03  -0.14   0.04   0.04   0.09  -0.08  -0.03  -0.24  -0.12  -0.13   0.01
  cluster_S_1->SIMPLICIO     -0.08  -0.09   0.07  -0.06   0.01  -0.15   0.23   0.18  -0.03  -0.30  -0.05  -0.10   0.07
  cluster_S_1->ILHA POMBOS    0.23   0.29   0.21  -0.34   0.12   0.05   0.06  -0.11   0.01  -0.04  -0.14  -0.09   0.06
  cluster_S_1->P. PASSOS      0.00   0.00   0.00   0.00   0.00   0.00   0.00   0.00   0.00   0.00   0.00   0.00   0.00
  cluster_S_1->SALTO GRANDE   0.40   0.23   0.13   0.03   0.21   0.03   0.19  -0.22  -0.08  -0.32  -0.15  -0.03   0.06
  cluster_S_1->P. ESTRELA     0.35   0.24   0.09   0.12   0.18   0.03   0.27  -0.24  -0.10  -0.37  -0.40   0.10   0.07
  cluster_S_1->CANDONGA       0.43   0.25   0.06  -0.17   0.12   0.00   0.28  -0.13  -0.11  -0.24  -0.18  -0.12   0.02
  cluster_S_1->AIMORES        0.31   0.07  -0.01   0.04   0.14   0.19   0.21  -0.18   0.07  -0.35  -0.36  -0.16  -0.02
  cluster_S_1->MASCARENHAS    0.29   0.17   0.04   0.01   0.17   0.12   0.24  -0.18   0.05  -0.34  -0.33  -0.13   0.08
  cluster_S_1->GUILMAN-AMOR   0.43   0.25   0.06  -0.10   0.25   0.00   0.22  -0.17  -0.06  -0.23  -0.27  -0.08   0.07
  cluster_S_1->SA CARVALHO    0.40   0.26   0.09  -0.05   0.23   0.04   0.33  -0.11   0.08  -0.24  -0.35  -0.06   0.09
  cluster_S_1->ROSAL          0.22   0.20   0.37  -0.37   0.05  -0.09   0.14   0.02   0.03  -0.13  -0.21  -0.04   0.08
  cluster_S_1->SAMUEL        -0.03  -0.08   0.12  -0.38   0.02   0.00   0.00  -0.11   0.01   0.00   0.20   0.02  -0.37
  cluster_S_1->IRAPE          0.44   0.21   0.16   0.05   0.17   0.15   0.14  -0.26   0.07  -0.30  -0.20   0.03   0.12
  cluster_S_1->STA CLARA MG   0.26   0.17  -0.02   0.04   0.33   0.23   0.30  -0.26   0.04  -0.29  -0.13  -0.04   0.07
  cluster_S_1->CAMARGOS       0.30   0.33  -0.04  -0.11   0.10   0.07   0.17   0.03  -0.03  -0.29  -0.27  -0.17   0.07
  cluster_S_1->ITUTINGA       0.00   0.00   0.00   0.00   0.00   0.00   0.00   0.00   0.00   0.00   0.00   0.00   0.00
  cluster_S_1->FURNAS         0.37   0.32   0.07  -0.16   0.12   0.08   0.07  -0.12  -0.04  -0.25  -0.19  -0.19   0.05
  cluster_S_1->M. DE MORAES   0.37   0.20   0.45  -0.30   0.13   0.02   0.01   0.18  -0.12  -0.32  -0.33  -0.15   0.16
  cluster_S_1->ESTREITO       0.12   0.04   0.02  -0.21   0.06  -0.05   0.09  -0.02  -0.23  -0.27  -0.36   0.01  -0.05
  cluster_S_1->JAGUARA       -0.10   0.01   0.00  -0.21   0.02  -0.11   0.14   0.06  -0.21  -0.27  -0.40   0.12  -0.05
  cluster_S_1->IGARAPAVA      0.05   0.03   0.00  -0.21   0.04  -0.07   0.09   0.03  -0.21  -0.26  -0.36   0.04  -0.05
  cluster_S_1->VOLTA GRANDE   0.23   0.07   0.01  -0.20   0.05  -0.04   0.12  -0.09  -0.21  -0.29  -0.33  -0.05  -0.05
  cluster_S_1->P. COLOMBIA    0.37   0.11   0.00  -0.16   0.06  -0.02   0.04  -0.11  -0.18  -0.29  -0.31  -0.13  -0.03
  cluster_S_1->CACONDE        0.34   0.30   0.08  -0.13   0.18   0.02   0.07  -0.15  -0.06  -0.21  -0.20  -0.24   0.07
  cluster_S_1->E. DA CUNHA    0.33   0.35   0.10  -0.21   0.12   0.01   0.10  -0.01  -0.04  -0.28  -0.18  -0.22   0.05
  cluster_S_1->A.S.OLIVEIRA   0.25   0.28   0.09  -0.13   0.05  -0.14   0.25  -0.13   0.13  -0.06  -0.20  -0.05   0.10
  cluster_S_1->MARIMBONDO     0.14   0.24   0.03  -0.08   0.09  -0.07   0.13  -0.16  -0.09  -0.23  -0.26  -0.10   0.12
  cluster_S_1->A. VERMELHA    0.10   0.21   0.51  -0.14   0.20  -0.10  -0.01   0.27  -0.12  -0.53  -0.20   0.08   0.06
  cluster_S_1->I. SOLTEIRA    0.24   0.04   0.29  -0.23   0.07   0.12  -0.16   0.05  -0.15  -0.33  -0.16   0.04   0.12
  cluster_S_1->EMBORCACAO     0.38   0.28   0.17  -0.23   0.04   0.03  -0.05   0.00  -0.11  -0.27  -0.33  -0.14   0.02
  cluster_S_1->NOVA PONTE     0.46   0.22   0.09  -0.25   0.21   0.11   0.19  -0.17  -0.10  -0.36  -0.31  -0.20   0.03
  cluster_S_1->MIRANDA        0.30   0.34   0.15  -0.14   0.19   0.18   0.27  -0.01   0.06   0.06  -0.23   0.08   0.33
  cluster_S_1->CORUMBA I      0.20   0.27   0.20  -0.19   0.06   0.14   0.12  -0.22  -0.09  -0.36  -0.28  -0.03  -0.02
  cluster_S_1->ITUMBIARA      0.37   0.18   0.19  -0.36   0.07  -0.15  -0.07  -0.07  -0.09  -0.15  -0.18  -0.10  -0.19
  cluster_S_1->CACH.DOURADA   0.09   0.25   0.25  -0.31   0.04   0.22   0.15  -0.17   0.05   0.14  -0.20  -0.04   0.06
  cluster_S_1->SAO SIMAO      0.31   0.26   0.26  -0.24   0.07   0.14   0.13  -0.06  -0.18  -0.36  -0.13  -0.07  -0.10
  cluster_S_1->BARRA BONITA   0.06   0.10   0.20  -0.08   0.19  -0.08   0.00   0.01  -0.16  -0.12  -0.23  -0.22   0.03
  cluster_S_1->A.S. LIMA      0.02   0.05   0.35  -0.10   0.09  -0.03  -0.05   0.30  -0.16   0.12  -0.29  -0.06   0.16
  cluster_S_1->IBITINGA       0.08   0.10   0.26  -0.01   0.02  -0.10  -0.01   0.03  -0.09  -0.17  -0.30  -0.18   0.05
  cluster_S_1->PROMISSAO      0.23   0.10   0.23   0.07   0.16   0.06   0.11  -0.14  -0.13  -0.27  -0.28   0.06   0.13
  cluster_S_1->NAVANHANDAVA   0.26   0.07   0.15  -0.13   0.22  -0.03  -0.06   0.05  -0.12  -0.19  -0.37   0.03   0.08
  cluster_S_1->TRES IRMAOS    0.00   0.19   0.20   0.10   0.02  -0.02   0.08  -0.01  -0.16  -0.07  -0.15   0.27   0.25
  cluster_S_1->JUPIA          0.12   0.27   0.33   0.06  -0.05  -0.21  -0.17   0.02  -0.01  -0.11   0.02   0.26   0.22
  cluster_S_1->P. PRIMAVERA  -0.25   0.03  -0.09  -0.06   0.30   0.06   0.03   0.13   0.12  -0.33  -0.25  -0.15   0.12
  cluster_S_1->MANSO          0.31   0.26   0.17  -0.23  -0.22   0.02  -0.04  -0.36   0.00  -0.16  -0.13  -0.22  -0.05
  cluster_S_1->A.A. LAYDNER   0.13   0.08   0.02   0.12   0.27  -0.05  -0.17   0.09  -0.15   0.03  -0.16  -0.12   0.11
  cluster_S_1->CHAVANTES      0.12   0.14  -0.16   0.29   0.29  -0.05  -0.34  -0.04  -0.16   0.04  -0.12  -0.22   0.09
  cluster_S_1->L.N. GARCEZ    0.13  -0.05  -0.03   0.20   0.08  -0.09  -0.05   0.11  -0.23  -0.03  -0.05  -0.07  -0.02
  cluster_S_1->CANOAS II      0.11  -0.03  -0.06   0.21   0.06  -0.11   0.03   0.20  -0.02  -0.10  -0.07  -0.03   0.06
  cluster_S_1->CANOAS I       0.13  -0.05  -0.05   0.19   0.07  -0.12  -0.03   0.16  -0.08  -0.08  -0.06  -0.06   0.03
  cluster_S_1->CAPIVARA       0.16   0.16  -0.14   0.27   0.31   0.00  -0.36   0.19  -0.18  -0.05  -0.11  -0.08   0.02
  cluster_S_1->TAQUARUCU      0.11   0.03  -0.11   0.46   0.23   0.01   0.00  -0.08  -0.28   0.03  -0.10   0.01   0.30
  cluster_S_1->ROSANA         0.12   0.08  -0.12   0.18   0.06   0.05  -0.07  -0.12  -0.03  -0.01  -0.20  -0.18   0.10
  cluster_S_1->MAUA           0.06   0.24   0.06   0.30   0.35  -0.02  -0.26   0.23   0.01  -0.03  -0.11  -0.08   0.08
  cluster_S_1->STA CLARA PR   0.00   0.19   0.09   0.26   0.34   0.14  -0.13   0.20  -0.02  -0.01  -0.11  -0.02   0.11
  cluster_S_1->FUNDAO        -0.07  -0.01   0.27   0.20   0.40   0.10  -0.12   0.24   0.07   0.02  -0.01  -0.03   0.17
  cluster_S_1->G.B. MUNHOZ   -0.03   0.27   0.09   0.16   0.34   0.10  -0.09   0.05   0.07   0.20   0.03   0.00   0.15
  cluster_S_1->BAIXO IGUACU  -0.09   0.22   0.11   0.24   0.36   0.11  -0.10   0.07   0.05   0.09   0.02   0.02   0.16
  cluster_S_1->BARRA GRANDE  -0.26   0.23   0.20   0.12   0.39   0.22   0.13   0.19   0.05   0.27   0.10  -0.07   0.15
  cluster_S_1->GARIBALDI     -0.21   0.28   0.04   0.18   0.34   0.17   0.06   0.09   0.10   0.30   0.12   0.02   0.23
  cluster_S_1->CAMPOS NOVOS  -0.14   0.22   0.20   0.05   0.34   0.18   0.00   0.04   0.12   0.29   0.10   0.06   0.15
  cluster_S_1->MACHADINHO    -0.19   0.17   0.15   0.09   0.34   0.16   0.09  -0.08  -0.04   0.28   0.10   0.04   0.17
  cluster_S_1->ITA           -0.21   0.19   0.25   0.06   0.34   0.18   0.04  -0.05   0.06   0.34   0.11   0.15   0.15
  cluster_S_1->PASSO FUNDO   -0.25   0.15   0.14   0.15   0.37   0.17   0.08   0.02  -0.11   0.36   0.13   0.11   0.18
  cluster_S_1->MONJOLINHO    -0.20   0.17   0.14   0.20   0.13   0.13   0.14  -0.01   0.05   0.23   0.17  -0.03   0.10
  cluster_S_1->QUEBRA QUEIX  -0.09   0.20   0.04   0.15   0.31   0.10  -0.04  -0.11  -0.01   0.27   0.03   0.23   0.06
  cluster_S_1->SAO JOSE      -0.35   0.05   0.17   0.09   0.33   0.26   0.04   0.11  -0.10   0.27   0.14   0.18   0.13
  cluster_S_1->PASSO S JOAO  -0.21  -0.05  -0.01  -0.11   0.13   0.18  -0.12   0.24  -0.07   0.23   0.10   0.21   0.15
  cluster_S_1->FOZ CHAPECO   -0.20   0.11   0.15  -0.15   0.13   0.18  -0.08   0.11   0.05   0.15   0.09   0.02   0.04
  cluster_S_1->CASTRO ALVES  -0.23   0.26   0.23   0.10   0.36   0.28   0.08   0.13   0.01   0.35   0.09  -0.07   0.08
  cluster_S_1->MONTE CLARO   -0.12   0.25   0.12   0.08   0.38   0.18   0.19   0.12   0.01   0.31   0.07   0.04   0.11
  cluster_S_1->14 DE JULHO   -0.11   0.17   0.21   0.01   0.31   0.16   0.05   0.24   0.03   0.34   0.14  -0.05   0.10
  cluster_S_1->ERNESTINA     -0.24   0.01   0.30   0.24   0.33   0.09   0.01   0.08  -0.04   0.36   0.18   0.17   0.12
  cluster_S_1->PASSO REAL    -0.35   0.09   0.31   0.17   0.39   0.26   0.05   0.17  -0.04   0.32   0.07   0.16   0.16
  cluster_S_1->JACUI         -0.22   0.01   0.02   0.08   0.33   0.20  -0.01   0.37   0.09   0.38   0.17   0.04   0.00
  cluster_S_1->ITAUBA        -0.29   0.15   0.04   0.18   0.39   0.26   0.12   0.17   0.00   0.32   0.13   0.14   0.08
  cluster_S_1->D. FRANCISCA  -0.32   0.10   0.03   0.12   0.38   0.28   0.03   0.25   0.05   0.35   0.16   0.14  -0.02
  cluster_S_1->G.P. SOUZA     0.10   0.16   0.34   0.13   0.21  -0.01  -0.10   0.23   0.00   0.20   0.02   0.10   0.29
  cluster_S_1->SALTO PILAO   -0.11   0.22   0.01   0.19   0.29   0.12   0.05   0.02   0.11   0.32   0.15  -0.07   0.22
  cluster_S_1->JORDAO        -0.03  -0.08  -0.06  -0.09  -0.09   0.05  -0.03   0.18   0.04   0.03  -0.10   0.06  -0.21
  cluster_S_1->SEGREDO       -0.10   0.12   0.18   0.22   0.32   0.06  -0.09  -0.01   0.01   0.07   0.04   0.08   0.21
  cluster_S_1->SLT.SANTIAGO  -0.09   0.24   0.05   0.28   0.34   0.19  -0.08   0.05  -0.05  -0.04   0.04  -0.04   0.11
  cluster_S_1->SALTO OSORIO  -0.01   0.17  -0.01   0.35   0.27   0.11  -0.13   0.22   0.00  -0.12   0.07  -0.01   0.14
  cluster_S_1->SALTO CAXIAS  -0.23   0.13   0.14   0.29   0.35   0.10  -0.11   0.05   0.05   0.00   0.01   0.05   0.16
  cluster_S_1->SOBRADINHO    -0.17   0.08  -0.17  -0.14   0.12   0.14   0.17  -0.32   0.11  -0.40  -0.17  -0.09   0.01
  cluster_S_1->ITAPARICA     -0.34  -0.09  -0.46  -0.02  -0.06  -0.02   0.12  -0.18  -0.14   0.07  -0.02   0.09  -0.19
  cluster_S_1->COMP PAF-MOX  -0.60   0.19  -0.41   0.00   0.03   0.02   0.16  -0.14  -0.17   0.02   0.22   0.31  -0.13
  cluster_S_1->XINGO          0.06   0.13   0.10  -0.03  -0.12  -0.19  -0.29   0.06   0.00   0.14  -0.36   0.08   0.07
  cluster_S_1->FICT.QUEIMAD   0.33   0.21   0.04  -0.05   0.04   0.15   0.27  -0.18  -0.06  -0.40  -0.23   0.01  -0.07
  cluster_S_1->FICT.TRES MA   0.45   0.30   0.24  -0.21   0.19   0.19   0.06  -0.05  -0.04  -0.23  -0.33  -0.12   0.14
  cluster_S_1->FICT.RETIRO    0.53   0.27  -0.08  -0.06   0.09   0.06   0.16  -0.27  -0.10  -0.34  -0.27  -0.16  -0.01
  cluster_S_1->ITAPEBI        0.28   0.15  -0.06   0.07   0.19   0.05   0.18  -0.19   0.05  -0.27  -0.19   0.17   0.00
  cluster_S_1->FICT.IRAPE     0.44   0.21   0.16   0.05   0.17   0.15   0.14  -0.26   0.07  -0.30  -0.20   0.03   0.12
  cluster_S_1->P. CAVALO      0.14   0.08  -0.10  -0.06   0.20   0.12   0.05  -0.03   0.22   0.19  -0.02   0.21   0.13
  cluster_S_1->B. ESPERANCA   0.26   0.10  -0.07  -0.20  -0.15   0.04   0.00  -0.07   0.08  -0.28  -0.09   0.02  -0.10
  cluster_S_1->CACH.CALDEIR  -0.08  -0.19   0.20  -0.10  -0.22  -0.13   0.01   0.11   0.17   0.00   0.18  -0.01  -0.30
  cluster_S_1->ESTREITO TOC  -0.10   0.16  -0.01  -0.36  -0.10   0.08   0.09  -0.18   0.11  -0.21  -0.14   0.08  -0.03
  cluster_S_1->TUCURUI       -0.29   0.25  -0.11  -0.20  -0.27   0.13  -0.16  -0.21  -0.14  -0.15   0.31   0.11  -0.14
  cluster_S_1->BALBINA       -0.19   0.08   0.21  -0.22  -0.33  -0.22  -0.14  -0.04   0.25   0.16   0.54  -0.05  -0.05
  cluster_S_1->COARACY NUNE  -0.01   0.03   0.12   0.04  -0.10  -0.10  -0.03   0.12  -0.08   0.05   0.06  -0.13  -0.30
  cluster_S_1->FERREIRA GOM  -0.11   0.09   0.15   0.01  -0.20  -0.25  -0.29   0.12   0.09  -0.13   0.35  -0.02  -0.16
  cluster_S_1->STO ANT JARI  -0.11   0.06   0.28  -0.25  -0.14  -0.15  -0.11   0.06   0.22  -0.01   0.27  -0.05  -0.10
  cluster_S_1->FICT.SERRA M   0.26   0.19  -0.04  -0.16  -0.13   0.21   0.10  -0.33  -0.12  -0.27  -0.34   0.21  -0.03
  cluster_S_1->FICT.CANA BR   0.22   0.15  -0.04  -0.21  -0.15  -0.09   0.21  -0.34   0.04  -0.29  -0.20   0.12  -0.04
  cluster_S_1->FICT.LAJEADO  -0.13   0.35  -0.20  -0.09  -0.30   0.13  -0.05  -0.08  -0.13  -0.20  -0.13   0.04  -0.05
  cluster_S_1->FICT.PEIXE A   0.23   0.18   0.11  -0.30  -0.06   0.26   0.27  -0.42  -0.13  -0.20  -0.26   0.17  -0.04
  cluster_S_1->FICT.SAO SAL   0.02   0.16  -0.20  -0.10  -0.09   0.31  -0.03  -0.29   0.06   0.12  -0.20  -0.02   0.01
  cluster_S_1->PIMENTAL      -0.11  -0.12   0.00  -0.14  -0.14   0.00   0.00   0.23   0.02  -0.01   0.00   0.00  -0.21
  cluster_S_1->CURUA-UNA     -0.20   0.13   0.23  -0.35  -0.34  -0.14  -0.08   0.13   0.16   0.04   0.35   0.10  -0.18
  cluster_S_1->BELO MONTE    -0.15   0.27  -0.13  -0.37  -0.34  -0.03  -0.10  -0.06   0.05  -0.29   0.09   0.11  -0.34
