
         MODELO ESTOCASTICO DE GERACAO DE ENERGIAS SINTETICAS - PAR(p)




                              SERIE  DE ENERGIAS DO REE   SUDESTE      (CONFIGURACAO No.    1)


        JAN        FEV        MAR        ABR        MAI        JUN        JUL        AGO        SET        OUT        NOV        DEZ

1931   8536.82   11685.82   16740.28   11035.35    6440.17    4764.10    3803.78    3190.56    3352.23    4490.56    5864.77    7330.22
1932  10357.23    9815.07    8176.26    5017.86    3950.11    3379.59    2519.03    2246.30    2188.85    3546.13    5262.99    8312.23
1933  13378.97    9136.13    7998.32    6822.88    3947.98    3081.25    2657.54    2199.34    2445.98    3826.85    5961.61   11657.55
1934  11684.09    9218.84    8508.56    6566.63    3870.66    2808.90    2330.67    1972.40    2583.58    2394.64    3881.32    7419.53
1935  11454.73   16876.53   14159.78   12817.66    7237.74    4825.02    3822.18    3211.24    3106.75    4295.01    5304.35    7641.02
1936   6413.60    9219.15   10529.90    8311.75    4420.34    3215.25    2621.03    2405.22    2719.64    2778.19    4415.91    6797.24
1937   9681.66   10605.58    7700.28    6841.70    4910.41    3252.76    2476.05    2074.43    1834.15    3737.99    6896.47   12330.55
1938   9979.97    9340.79    7977.39    6026.78    3932.41    3185.07    2504.82    2582.00    2482.32    3269.65    4305.76    7770.37
1939  11813.95   10821.38    7331.87    6080.02    3940.64    2964.07    2630.55    2041.45    2316.64    3400.31    4778.61    5785.93
1940  10011.94   16839.92   18426.57    8860.99    5876.79    4269.13    3300.62    2727.30    2978.80    3591.68    7083.33    8536.55
1941   9440.98    8770.46   10717.51    8677.42    3981.03    3115.71    2913.98    2243.00    3056.76    4252.27    5276.19    7550.91
1942  10637.94   11900.32   10696.23    7467.79    4397.80    3407.22    3016.78    2361.15    3301.24    3741.81    6590.90   13045.48
1943  21039.50   15909.31   15770.53    9939.28    5493.77    4486.68    3569.38    3152.86    2920.90    4444.42    7017.24   13021.08
1944   9266.48   12748.00   10647.23    7525.73    4593.42    3701.08    3089.63    2531.56    2170.21    2986.97    4735.35    9587.44
1945  17118.72   18154.45   18123.76   18101.11   10238.26    6613.10    5328.42    4007.66    3623.59    5128.27    9164.20   16731.35
1946  16194.02   11252.18   10706.16    7861.13    5153.65    3780.85    3086.94    2516.03    2359.19    2944.44    4948.33    5546.15
1947   8907.32   10791.23   15795.29   10200.99    5714.20    4496.76    3981.72    3740.21    3587.44    4961.42    6936.64   11310.66
1948  10416.72    9639.95   11184.90    7190.84    4590.32    3768.43    3149.99    2701.89    2524.46    2995.17    5260.87   17468.10
1949  14946.28   19354.50   11428.41    8719.55    5475.09    4265.04    3423.12    2795.01    2473.30    3343.06    4882.83    7678.51
1950   7917.47    8728.51    9675.62    7304.22    4557.91    3457.94    2833.82    2354.45    2162.89    2919.27    5501.25    7327.06
1951   7799.99    8426.25    9933.10    8626.31    4923.70    3989.26    3247.92    2799.14    2423.05    2567.87    2521.95    5641.88
1952   7318.92    9022.69   14145.41    7371.10    5078.32    4166.62    3135.09    2665.61    2821.07    2553.14    4541.03    8773.15
1953   4668.35    5767.53    6450.04    6099.61    3694.97    2791.03    2391.30    2180.96    2247.31    2929.79    4740.46    8936.97
1954   6533.89    8364.62    5094.97    5794.16    3677.79    2736.44    2167.54    1835.45    1729.13    2026.68    3233.03    6392.50
1955   8228.98    6655.79    5773.32    6083.34    2911.11    2436.74    1901.38    1666.45    1533.38    2185.42    4003.01    8527.45
1956   7608.94    4722.94    8321.95    4700.72    4046.48    3442.71    2440.89    2404.77    1935.14    2359.80    5721.73   12045.93
1957  14342.99   12233.39   15193.32   13097.20    5850.56    4116.06    3395.95    2765.62    3198.71    2950.76    4787.49    8192.75
1958   7936.53   12613.53    9177.19    9362.46    6170.26    4162.29    3528.76    2637.32    2896.54    3527.68    4081.58    6155.98
1959  15141.58    8706.68   10075.74    5972.90    3618.54    2858.38    2324.85    2156.35    1869.51    2704.45    5184.99    5147.03
1960  10383.41   13250.11   15201.52    8813.25    5209.71    3885.88    3149.83    2674.16    2215.55    2504.04    4612.05    9113.09
1961  13149.58   13830.62   10116.97    6254.08    5482.55    3693.29    2921.03    2458.52    2068.93    2111.99    2897.13    4676.82
1962   8346.83   10102.82    9448.45    5119.24    3769.93    2839.02    2391.33    2133.87    2206.84    3240.53    4467.16   10526.65
1963   8831.53    8677.78    5474.88    3941.51    3053.95    2372.20    2027.90    1775.67    1509.80    1682.03    2758.60    3010.32
1964  12712.64   13825.33    7499.71    5444.24    3833.38    2719.60    2550.85    2049.04    1784.30    3159.28    5476.10    8284.08
1965  10315.74   10710.54   11144.67    9428.95    5930.79    4082.84    3544.15    2765.76    2278.59    4467.71    6528.36    7523.90
1966  10771.12   15908.96   11758.27    7376.88    5190.31    3715.06    3080.38    2727.40    2454.21    3511.04    4885.54    7439.76
1967   8790.90   10242.55    9274.95    7138.23    4656.52    3757.01    3063.55    2430.69    2355.25    2476.90    4962.70    7825.56
1968   7435.27    9881.54   13435.67    6577.85    4175.46    3196.63    2688.82    2461.56    2385.42    3051.99    4999.38    9336.08
1969   7288.05    9326.98    8649.98    5106.57    3833.86    3055.06    2378.48    2084.72    1878.01    2788.47    6442.02   10834.84
1970  14192.44   10933.38   11294.21    7123.17    4362.39    3220.79    2821.02    2464.98    2957.95    3908.61    6141.82    5062.51
1971   4186.79    3889.08    5192.04    4543.12    2948.52    2597.30    2074.27    1774.74    2018.00    3493.60    8679.06   10427.54
1972   6283.12    6920.37    7786.99    6333.30    3683.28    2791.39    2572.33    2371.33    2253.90    3948.34    5923.78    9960.48
1973   8777.24    8252.72   10359.84    8828.99    4982.38    3458.59    3056.39    2492.68    2370.78    4867.06    7461.95    8660.02
1974   8921.67    7493.48   12149.04   10103.07    5984.00    4289.71    3310.70    2693.35    2321.92    3205.96    3790.49    6644.39
1975   8429.40    8832.92    6086.95    6769.85    3967.03    2955.21    2690.44    2062.28    1853.35    3295.99    6112.13    6102.47
1976   5392.52    6771.64    6951.14    5344.19    4225.77    3356.07    3238.77    2742.12    3388.57    3989.31    6879.31    9601.16
1977  12155.89   13860.05    6348.65    6977.40    4629.01    3625.46    2841.98    2383.48    2693.59    3066.10    4478.45    7736.02
1978  15386.11   12664.52   14146.81    8302.95    5449.68    4635.02    3629.69    2826.61    2543.49    3191.71    4613.61    8041.96
1979  17857.70   26789.32   13898.19    9118.91    6130.97    4883.33    4043.23    3644.92    4004.81    3661.74    6313.98    7205.75
1980  16487.91   26540.27   13419.27   10403.45    6002.52    4723.28    4045.42    3376.92    3200.88    3332.80    5278.95   11199.34
1981  13300.01    7937.22   10292.12    9894.93    5299.59    4432.81    3504.89    3010.72    2477.18    4327.26   10774.60    9207.23
1982  20187.23   12470.65   13864.73    9986.50    6248.24    5305.94    4181.82    3719.10    3306.31    4089.21    4359.33    6002.07
1983  13891.73   20605.43   12560.36   10736.29    6879.52    6582.86    4821.19    3914.50    4644.86    5802.22    7244.97   12421.24
1984   8450.47    6232.62    6790.30    7602.42    4813.48    3405.67    2857.25    2870.36    3134.14    3260.68    3764.30    7067.61
1985  18903.64   14637.71   12749.40    9283.75    6210.48    4562.69    3748.98    3187.56    3169.53    3585.96    4854.26    9796.12
1986  14516.24   10543.00    8601.29    6114.31    4715.52    3433.00    3157.22    3116.08    2515.83    2620.54    3184.86    6213.17
1987   7237.42    5989.46    7814.90    6913.81    4822.45    4019.76    2901.72    2366.22    2523.90    2786.24    3970.56   10210.64
1988   8947.61   10337.84   11985.28    7521.40    5281.19    4289.84    3183.10    2681.47    2390.46    3368.03    4551.49    7798.56
1989   7740.90    7824.24    7686.62    5356.28    4024.20    3444.59    3019.46    2863.47    2641.12    3099.19    5182.55   19018.92
1990  13050.97    7573.47    8161.82    5826.91    4437.64    3210.26    3157.66    2657.70    3002.65    3147.39    3583.64    4097.88
1991   9792.72    9917.42   12304.12   10065.37    5681.47    4139.22    3345.12    2818.40    2705.02    3721.10    4584.08    5673.94
1992  13468.53   20957.35    9199.99    7459.19    5553.00    3857.46    3444.76    2956.30    3520.89    4623.12    8739.57   13648.08
1993  10219.41   10465.66    7981.38    6511.18    4594.94    4051.54    3035.73    2729.69    3014.58    3350.22    2877.21    5799.61
1994  10299.38    7020.73   12674.37    8214.94    5141.49    3877.58    3161.66    2481.53    2132.71    2293.98    3913.73    6965.52
1995   6872.24   10780.59    7328.55    7998.06    5424.02    3611.39    3054.31    2420.09    2154.67    3273.68    4891.30    9058.15
1996   9315.07    6459.73    7795.88    5668.76    4138.93    3190.97    2631.63    2377.12    3041.49    3012.34    6482.35    6787.30
1997  14195.63    7958.81   13298.32   10393.64    5878.32    4774.99    3507.38    2880.12    2924.11    3362.93    4259.52    7796.65
1998   7444.72    9154.22    7121.36    4487.19    3644.35    2826.04    2366.69    2157.62    2278.46    3169.45    5514.28    7032.02
1999   7583.99    5815.97    8903.36    4350.00    3030.46    2626.24    2310.55    1863.20    1962.85    2163.77    5005.29    9011.11
2000  11354.27   11727.99   11420.43    6633.10    3922.88    3006.10    2685.04    2365.65    2964.07    2193.48    5656.97    9983.14
2001   6737.79    5436.93    6915.42    4494.01    3022.49    2330.84    2036.65    1770.36    1898.47    2996.58    4914.44    7259.00
2002  15470.38   12766.30    7487.90    5114.95    3608.52    2738.76    2413.70    2003.09    2225.30    1903.39    4057.95    6379.89
2003  11529.87    7927.12    7834.31    6645.85    3594.13    2709.71    2226.73    1880.68    1975.38    2345.75    3212.69    4533.63
2004  10072.20   16489.43   12684.20    9920.06    5434.30    4313.61    3652.32    2659.83    2172.12    2678.74    3389.40    6687.76
2005   9118.10    9942.64   12713.47    7078.78    5092.84    3654.03    2986.85    2422.65    2519.55    2452.32    5169.65   10349.36
2006   6741.14    6398.29    9344.72    7982.98    4218.37    3013.57    2557.41    2100.28    2277.59    3845.55    6554.08   10078.50
2007  10464.98   14086.57    6936.49    4800.40    3520.56    2747.23    2666.69    2023.00    1645.08    1979.97    3369.25    4888.09
2008   5460.32    9280.83   10039.16    7949.72    4457.56    3230.36    2406.11    2174.02    1866.95    2289.21    4621.34   10202.28
2009  11281.61    9954.12    7496.96    9312.53    5749.86    3939.03    3484.58    2799.79    3093.72    5121.95    6531.22    9410.93
2010  10606.78    6267.14    8178.38    6668.59    3776.80    2851.50    2707.42    2039.04    1839.60    2568.97    5471.20    8301.83
2011  13372.88    7538.81   13527.56    8476.36    4599.90    3545.19    2851.19    2272.37    1764.40    3075.64    5239.62   10931.24
2012  15591.05    9111.59    6849.74    5145.89    4120.49    3823.36    2853.78    2068.50    1877.31    2189.50    4761.66    5128.52
2013   8419.02    8270.85    6841.93    6729.93    3543.92    3391.11    2709.50    1907.03    1761.63    2517.42    3391.82   10375.82
2014   6056.68    4978.01    7099.39    6232.79    3455.23    2605.26    2140.09    1743.32    1581.13    1514.86    3174.59    5878.79
2015   2905.89    5546.89    6111.31    5259.80    3912.98    2529.53    1963.47    1388.34    1800.13    1425.38    2576.66    3727.90
2016  10267.79    6397.71    5700.74    2871.72    2373.72    2715.68    1618.44    1620.30    1388.82    1833.30    3951.79    5283.79
2017   4373.75    5451.91    4862.55    3979.21    2888.59    2173.44    1595.41    1576.97    1194.25    1421.71    2838.80    5616.44
2018   5014.48    8609.17    8052.71    5795.46    2898.49    2289.18    1804.78    1813.00    1597.00    2477.57    4792.19    5805.82
2019   4312.13    5287.98    7189.41    6069.00    3853.35    2571.90    2194.02    1717.70    1614.13    1639.64    2533.26    4275.22

                                                  MEDIA AMOSTRAL DAS ENERGIAS


        JAN        FEV        MAR        ABR        MAI        JUN        JUL        AGO        SET        OUT        NOV        DEZ

     10330.83   10451.45    9893.25    7405.31    4652.37    3564.18    2928.76    2471.66    2451.51    3138.62    5062.17    8321.10



                                              DESVIO PADRAO AMOSTRAL DAS ENERGIAS


        JAN        FEV        MAR        ABR        MAI        JUN        JUL        AGO        SET        OUT        NOV        DEZ

      3719.69    4335.92    3119.42    2296.62    1172.95     841.65     652.33     531.98     623.99     889.49    1517.64    2889.42



                                                ASSIMETRIA AMOSTRAL DAS ENERGIAS


        JAN        FEV        MAR        ABR        MAI        JUN        JUL        AGO        SET        OUT        NOV        DEZ

         0.62       1.58       0.66       1.37       1.29       1.09       0.72       0.64       0.67       0.46       0.95       1.18



