
         MODELO ESTOCASTICO DE GERACAO DE VAZOES   SINTETICAS - PAR(p)


                              SERIE  DE VAZOES   DA USINA FURNAS       (CONFIGURACAO No.   59)


        JAN        FEV        MAR        ABR        MAI        JUN        JUL        AGO        SET        OUT        NOV        DEZ

1931      0.00       0.00       0.00       0.00       0.00       0.00       0.00       0.00       0.00       0.00       0.00       0.00
1932    797.83     823.17     759.58     717.50     687.25     653.92     646.42     639.00     634.58     625.50     617.00     610.58
1933    623.33     568.00     490.83     435.25     419.17     404.92     386.83     377.17     372.83     367.08     360.50     341.42
1934    297.67     306.00     314.92     325.58     319.92     314.50     310.92     306.83     300.25     298.83     291.58     295.75
1935    332.00     372.42     471.58     521.67     573.58     608.92     633.25     652.58     668.75     680.58     702.75     716.00
1936    685.58     619.58     518.58     537.25     513.33     497.83     484.58     474.17     467.58     469.25     452.58     456.25
1937    494.92     601.75     649.50     598.75     590.83     601.42     611.83     616.33     616.67     606.25     630.17     646.92
1938    687.58     650.58     644.42     658.92     660.17     657.17     655.17     656.50     662.00     670.50     670.83     670.33
1939    635.58     643.58     676.42     659.25     661.67     657.33     654.67     654.58     651.17     645.58     622.33     607.33
1940    598.50     603.83     631.58     698.17     713.25     720.67     726.50     729.50     730.67     732.67     737.67     758.42
1941    774.33     741.50     650.58     573.75     547.58     524.17     509.83     502.83     495.58     508.83     520.75     503.83
1942    478.33     460.42     477.17     532.50     550.83     567.83     580.67     588.33     594.67     581.00     571.33     581.08
1943    577.58     636.00     681.42     684.75     683.92     686.50     689.50     690.42     696.25     700.17     710.00     701.75
1944    699.17     626.67     592.83     574.92     569.08     558.83     547.50     539.08     529.58     520.17     501.17     491.33
1945    469.67     460.92     501.08     485.25     492.25     494.83     499.92     507.25     508.50     510.83     512.17     530.67
1946    589.42     734.33     697.58     716.00     726.75     735.67     741.08     743.83     749.08     750.17     759.25     747.42
1947    693.67     609.92     639.67     757.58     785.75     799.33     807.08     813.75     817.67     848.08     854.08     859.42
1948    888.33     866.08     857.33     753.50     717.75     702.83     696.50     683.17     677.42     647.17     633.58     637.58
1949    632.75     643.33     669.50     640.50     634.42     636.17     631.83     631.42     629.42     629.50     629.17     631.00
1950    628.92     617.92     637.83     655.92     670.67     674.33     677.67     687.17     695.83     702.08     708.42     712.00
1951    742.83     746.92     708.67     713.17     714.00     716.67     718.33     713.67     709.75     705.58     701.25     669.83
1952    614.42     584.00     578.50     617.42     628.25     618.42     617.92     614.17     609.25     609.42     606.25     620.67
1953    614.83     587.08     516.83     427.33     405.83     389.17     370.83     362.75     358.75     353.83     351.83     345.50
1954    353.58     365.83     409.00     399.50     377.67     390.83     396.75     396.58     394.92     390.67     388.75     381.58
1955    370.08     392.50     354.42     372.50     373.33     358.00     352.75     349.83     347.25     350.42     350.00     352.92
1956    388.58     388.00     386.42     399.75     393.67     402.83     412.75     419.50     432.33     437.42     439.25     440.50
1957    437.58     471.00     523.67     552.58     610.25     634.42     643.33     655.25     656.42     673.17     681.00     701.83
1958    708.75     661.75     668.33     649.00     614.42     612.75     620.08     625.67     628.33     626.00     639.17     636.08
1959    613.17     674.17     666.58     668.08     680.67     666.42     651.83     639.17     635.17     620.83     605.58     600.50
1960    597.42     575.00     579.75     621.17     608.50     615.33     618.00     625.67     627.67     628.83     628.75     621.92
1961    652.50     721.42     794.75     831.42     857.92     878.92     889.75     891.83     895.42     901.50     901.42     906.42
1962    875.42     790.50     760.08     690.67     661.00     636.42     628.17     620.17     614.58     612.25     627.42     638.58
1963    677.83     698.67     643.17     608.75     591.58     576.58     562.83     555.83     549.50     540.83     523.08     505.08
1964    441.83     427.33     452.33     443.08     449.17     453.92     455.33     451.92     443.92     437.58     446.75     462.00
1965    514.83     570.58     629.83     727.25     755.58     795.67     825.00     856.50     885.92     908.92     931.75     951.50
1966    989.75    1020.83     980.83    1005.25    1023.17    1013.17    1000.75     984.00     971.00     966.92     958.75     974.50
1967    969.17     977.92    1002.83     950.08     930.92     919.42     920.08     921.75     925.83     926.17     911.17     890.83
1968    863.08     786.67     692.92     633.17     599.17     572.75     552.08     536.67     525.00     514.08     508.42     469.83
1969    463.00     420.67     422.50     416.17     413.67     406.42     404.67     400.75     395.17     384.50     383.75     432.75
1970    423.83     447.25     466.33     502.58     514.42     527.00     531.50     540.33     543.92     574.33     579.33     555.58
1971    524.50     475.08     415.00     355.67     334.42     320.25     313.67     306.00     298.08     270.17     267.83     244.83
1972    294.17     344.25     432.58     497.67     524.83     540.08     546.08     564.50     578.17     588.42     601.58     635.00
1973    626.67     630.67     598.17     558.25     575.08     577.25     579.17     565.75     561.00     555.83     540.92     522.00
1974    532.17     556.08     539.58     577.42     570.50     572.00     582.83     589.50     592.33     593.83     590.50     573.58
1975    555.33     531.33     568.50     530.75     513.42     505.83     488.67     483.17     473.83     468.92     473.33     506.92
1976    509.92     481.00     455.00     481.75     500.25     518.92     545.58     571.58     604.33     658.00     687.17     717.33
1977    766.33     833.92     864.50     852.83     862.00     853.50     840.17     816.58     790.42     758.58     727.25     689.33
1978    661.25     634.00     608.17     615.50     587.17     590.00     598.17     599.75     600.17     584.75     587.08     589.92
1979    566.17     546.58     589.67     591.42     605.08     609.75     603.67     607.92     619.00     643.25     646.58     651.75
1980    681.08     761.42     761.83     750.92     800.42     809.75     820.42     829.17     825.25     811.00     808.00     798.83
1981    804.50     810.33     767.00     770.83     718.83     703.50     698.67     687.42     686.33     676.25     701.67     730.75
1982    774.75     755.50     793.58     898.33     941.67     964.67     980.42     997.17    1007.83    1017.50    1008.33     974.42
1983    949.58    1005.83    1093.25    1096.33    1135.17    1166.58    1245.50    1277.67    1294.67    1376.00    1444.17    1519.50
1984   1583.92    1515.00    1395.58    1277.08    1196.17    1152.08    1048.17     996.58     972.00     894.00     806.58     726.92
1985    616.75     624.58     665.50     750.67     777.58     778.25     783.83     789.33     787.17     783.92     786.33     791.00
1986    772.50     725.50     688.50     622.50     586.58     585.50     578.75     579.75     586.67     577.83     568.25     545.75
1987    584.42     606.58     626.08     614.50     643.50     641.83     651.08     649.42     640.50     654.17     664.00     678.08
1988    651.17     602.42     590.08     604.33     575.25     566.00     561.67     553.42     549.33     533.25     538.08     539.33
1989    514.42     550.00     547.08     556.58     559.25     551.25     543.42     546.75     552.42     562.67     557.33     553.25
1990    576.08     551.33     498.00     468.92     460.33     464.92     459.25     456.75     453.33     451.58     451.58     441.00
1991    409.33     430.75     513.25     560.25     641.92     669.58     686.00     695.83     696.17     692.17     706.00     709.08
1992    721.17     760.92     779.42     755.92     697.42     696.00     692.67     695.75     698.67     719.58     729.42     784.42
1993    815.08     754.33     736.50     738.25     738.83     717.67     723.83     715.67     714.42     698.75     681.08     626.83
1994    589.58     615.25     541.08     523.33     501.17     505.50     492.42     487.67     480.58     467.33     451.50     454.08
1995    474.83     423.67     552.58     555.42     575.75     575.25     577.08     581.17     580.58     581.25     605.75     614.92
1996    612.00     674.50     569.00     583.58     569.08     562.75     559.25     555.75     560.25     587.08     576.42     622.00
1997    662.33     744.17     783.08     781.00     795.42     800.33     825.08     833.92     836.42     817.67     818.67     779.50
1998    753.92     626.50     590.42     562.33     538.75     527.42     504.08     490.50     485.58     476.92     476.25     462.33
1999    451.00     481.17     496.75     530.83     534.75     532.25     531.83     535.33     531.17     534.75     516.00     506.50
2000    487.75     525.58     548.00     541.08     545.00     545.42     545.08     545.42     552.17     567.25     572.33     594.92
2001    614.17     528.42     461.33     414.67     394.50     385.25     373.08     363.25     352.75     335.67     343.75     334.08
2002    330.25     348.17     428.25     459.42     470.92     480.00     486.50     493.58     498.67     504.08     492.75     494.17
2003    497.75     534.17     494.42     490.08     496.58     497.58     496.92     498.92     496.83     490.42     495.33     488.75
2004    479.33     446.17     458.25     471.42     484.75     498.67     518.00     528.42     535.42     535.67     548.67     553.08
2005    591.08     650.42     660.83     677.25     671.00     683.83     681.92     681.08     683.00     697.00     689.17     699.33
2006    682.67     619.17     582.00     575.33     564.00     533.92     518.42     506.25     498.17     487.25     490.92     487.83
2007    491.83     634.17     699.08     669.67     674.58     682.67     690.08     697.83     703.17     698.92     689.17     692.75
2008    671.83     528.42     498.67     546.25     592.33     603.42     609.67     608.58     614.17     624.83     635.58     645.25
2009    668.42     713.25     767.83     757.17     764.42     766.17     768.67     778.50     783.50     803.17     821.83     804.83
2010    828.17     815.58     715.00     683.75     627.25     608.08     592.33     577.42     560.75     531.33     509.42     516.67
2011    492.00     561.58     568.17     622.42     641.75     651.00     661.67     666.75     673.50     675.17     676.50     664.08
2012    668.08     631.17     629.75     560.00     536.17     532.92     540.00     540.33     535.50     531.67     517.58     510.83
2013    466.67     436.75     472.58     499.17     519.08     519.08     514.83     516.50     520.00     527.17     545.17     556.33
2014    571.00     495.17     411.58     356.00     320.58     300.00     276.33     260.75     251.67     239.92     215.83     196.75
2015    178.08     170.00     188.25     216.00     223.75     230.67     235.75     237.42     237.17     253.67     257.08     271.58
2016    287.75     369.58     403.67     432.33     437.83     442.42     464.42     469.58     475.67     464.00     477.83     484.50
2017    467.00     409.17     374.58     335.67     320.92     319.58     298.67     291.83     284.08     278.00     266.50     253.75
2018    251.08     263.33     266.67     273.50     272.08     259.50     251.58     246.83     248.75     252.08     267.92     291.00
2019    315.67     303.00     312.00     350.67     381.00     400.83     409.08     417.17     419.08     420.83     405.83     385.17

                                                  MEDIA AMOSTRAL DAS VAZOES  


        JAN        FEV        MAR        ABR        MAI        JUN        JUL        AGO        SET        OUT        NOV        DEZ

       601.97     601.48     600.01     599.44     599.10     598.66     598.40     598.21     598.06     597.85     597.57     597.41



                                              DESVIO PADRAO AMOSTRAL DAS VAZOES  


        JAN        FEV        MAR        ABR        MAI        JUN        JUL        AGO        SET        OUT        NOV        DEZ

       195.98     189.36     178.92     172.16     172.87     174.12     176.96     178.93     180.82     185.18     188.77     192.76



                                                      CORRELOGRAMO DA SERIE DE VAZOES  


   ORDEM        1         2         3         4         5         6         7         8         9        10        11

 JAN/POS    0.55912   0.33089   0.27948   0.20288   0.30875   0.32507   0.24126   0.32298   0.26522   0.28213   0.18534
 FEV/POS    0.50247   0.25138   0.14763   0.10485   0.03480   0.22355   0.21536   0.13143   0.33659   0.19826   0.25240
 MAR/POS    0.60996   0.43934   0.22136   0.13582   0.16814  -0.01637   0.22855   0.21768   0.12142   0.29523   0.19195
 ABR/POS    0.73948   0.68299   0.46688   0.30531   0.19909   0.19021   0.13041   0.38554   0.32294   0.17573   0.32871
 MAI/POS    0.82566   0.75134   0.76368   0.54492   0.38598   0.21946   0.26880   0.15323   0.37114   0.37086   0.27325
 JUN/POS    0.80769   0.72503   0.63872   0.63008   0.55448   0.40658   0.21575   0.18777   0.12999   0.29908   0.31998
 JUL/POS    0.89570   0.87303   0.77797   0.69427   0.70338   0.54804   0.39743   0.23179   0.20064   0.06681   0.25522
 AGO/POS    0.91183   0.79632   0.82286   0.70441   0.67024   0.62448   0.49892   0.43716   0.33938   0.28693   0.13387
 SET/POS    0.76797   0.78217   0.74864   0.63942   0.60592   0.52393   0.46768   0.33971   0.29892   0.23034   0.23129
 OUT/POS    0.73852   0.69328   0.76228   0.76535   0.64080   0.56952   0.46908   0.52826   0.39007   0.33913   0.18085
 NOV/POS    0.71786   0.63895   0.54391   0.58795   0.56154   0.47884   0.39177   0.38761   0.45046   0.39106   0.29037
 DEZ/POS    0.69050   0.67064   0.55322   0.57509   0.59446   0.56278   0.47385   0.41549   0.34193   0.35799   0.39479




                                                    CORRELOGRAMO - JAN/POS 



                         1                                        I**********************
                         2                                        I*************
                         3                                        I***********
                         4                                        I********
                         5                                        I************
                         6                                        I*************
                         7                                        I*********
                         8                                        I************
                         9                                        I**********
                        10                                        I***********
                        11                                        I*******



                                                    CORRELOGRAMO - FEV/POS 



                         1                                        I********************
                         2                                        I**********
                         3                                        I*****
                         4                                        I****
                         5                                        I*
                         6                                        I********
                         7                                        I********
                         8                                        I*****
                         9                                        I*************
                        10                                        I*******
                        11                                        I**********




                                                    CORRELOGRAMO - MAR/POS 



                         1                                        I************************
                         2                                        I*****************
                         3                                        I********
                         4                                        I*****
                         5                                        I******
                         6                                        I
                         7                                        I*********
                         8                                        I********
                         9                                        I****
                        10                                        I***********
                        11                                        I*******



                                                    CORRELOGRAMO - ABR/POS 



                         1                                        I*****************************
                         2                                        I***************************
                         3                                        I******************
                         4                                        I************
                         5                                        I*******
                         6                                        I*******
                         7                                        I*****
                         8                                        I***************
                         9                                        I************
                        10                                        I*******
                        11                                        I*************




                                                    CORRELOGRAMO - MAI/POS 



                         1                                        I*********************************
                         2                                        I******************************
                         3                                        I******************************
                         4                                        I*********************
                         5                                        I***************
                         6                                        I********
                         7                                        I**********
                         8                                        I******
                         9                                        I**************
                        10                                        I**************
                        11                                        I**********



                                                    CORRELOGRAMO - JUN/POS 



                         1                                        I********************************
                         2                                        I*****************************
                         3                                        I*************************
                         4                                        I*************************
                         5                                        I**********************
                         6                                        I****************
                         7                                        I********
                         8                                        I*******
                         9                                        I*****
                        10                                        I***********
                        11                                        I************




                                                    CORRELOGRAMO - JUL/POS 



                         1                                        I***********************************
                         2                                        I**********************************
                         3                                        I*******************************
                         4                                        I***************************
                         5                                        I****************************
                         6                                        I*********************
                         7                                        I***************
                         8                                        I*********
                         9                                        I********
                        10                                        I**
                        11                                        I**********



                                                    CORRELOGRAMO - AGO/POS 



                         1                                        I************************************
                         2                                        I*******************************
                         3                                        I********************************
                         4                                        I****************************
                         5                                        I**************************
                         6                                        I************************
                         7                                        I*******************
                         8                                        I*****************
                         9                                        I*************
                        10                                        I***********
                        11                                        I*****




                                                    CORRELOGRAMO - SET/POS 



                         1                                        I******************************
                         2                                        I*******************************
                         3                                        I*****************************
                         4                                        I*************************
                         5                                        I************************
                         6                                        I********************
                         7                                        I******************
                         8                                        I*************
                         9                                        I***********
                        10                                        I*********
                        11                                        I*********



                                                    CORRELOGRAMO - OUT/POS 



                         1                                        I*****************************
                         2                                        I***************************
                         3                                        I******************************
                         4                                        I******************************
                         5                                        I*************************
                         6                                        I**********************
                         7                                        I******************
                         8                                        I*********************
                         9                                        I***************
                        10                                        I*************
                        11                                        I*******




                                                    CORRELOGRAMO - NOV/POS 



                         1                                        I****************************
                         2                                        I*************************
                         3                                        I*********************
                         4                                        I***********************
                         5                                        I**********************
                         6                                        I*******************
                         7                                        I***************
                         8                                        I***************
                         9                                        I******************
                        10                                        I***************
                        11                                        I***********



                                                    CORRELOGRAMO - DEZ/POS 



                         1                                        I***************************
                         2                                        I**************************
                         3                                        I**********************
                         4                                        I***********************
                         5                                        I***********************
                         6                                        I**********************
                         7                                        I******************
                         8                                        I****************
                         9                                        I*************
                        10                                        I**************
                        11                                        I***************



                                      CORRELOGRAMO PARCIAL DA SERIE DE VAZOES  


 JAN/POS    0.45969  -0.09423  -0.15751  -0.11783   0.06436   0.08255  -0.13736   0.17110   0.03561   0.16145  -0.08348
 FEV/POS    0.41258  -0.09351  -0.04185  -0.09999  -0.15207   0.14295   0.02431  -0.04691   0.31257  -0.03741   0.10088
 MAR/POS    0.51270   0.14967  -0.04201  -0.01015   0.12858  -0.22765   0.17168   0.02106  -0.08786   0.04750   0.02757
 ABR/POS    0.59996   0.35175  -0.00575   0.02572  -0.03442  -0.09122   0.12340   0.28862  -0.05167  -0.15927  -0.23633
 MAI/POS    0.63843   0.29984   0.37754   0.04552   0.10240  -0.13445   0.12234   0.02594  -0.02126   0.14780   0.10417
 JUN/POS    0.57639   0.13245   0.00617  -0.02229   0.16254   0.10102  -0.05160  -0.20620  -0.01925  -0.10645   0.12773
 JUL/POS    0.74516   0.48588   0.11093   0.04519   0.10251   0.00994   0.06747   0.07723  -0.07731  -0.28708  -0.19389
 AGO/POS    0.76088  -0.15766   0.06549  -0.13859   0.08089  -0.18514  -0.19511   0.01311   0.19159  -0.05126  -0.05124
 SET/POS    0.57688   0.33504   0.24282  -0.15157   0.12601  -0.00942  -0.07231  -0.13720  -0.04944   0.05319   0.18970
 OUT/POS    0.53331   0.11591   0.31479   0.23945  -0.04371  -0.06174  -0.10614   0.09427  -0.04457   0.08713  -0.05001
 NOV/POS    0.53616   0.18981  -0.11069  -0.07395  -0.13330  -0.08402  -0.20034   0.04376   0.09411   0.08737  -0.02566
 DEZ/POS    0.50146   0.25406  -0.01535   0.17152   0.02421   0.01672  -0.10404   0.02672  -0.10176  -0.16417   0.05138




                                                    CORRELOGRAMO PARCIAL - JAN/POS 



                         1                                !       I*******!**********
                         2                                !    ***I       !
                         3                                ! ******I       !
                         4                                !   ****I       !
                         5                                !       I**     !
                         6                                !       I***    !
                         7                                !  *****I       !
                         8                                !       I****** !
                         9                                !       I*      !
                        10                                !       I****** !
                        11                                !    ***I       !



                                                    CORRELOGRAMO PARCIAL - FEV/POS 



                         1                                !       I*******!********
                         2                                !    ***I       !
                         3                                !      *I       !
                         4                                !    ***I       !
                         5                                ! ******I       !
                         6                                !       I*****  !
                         7                                !       I       !
                         8                                !      *I       !
                         9                                !       I*******!****
                        10                                !      *I       !
                        11                                !       I****   !




                                                    CORRELOGRAMO PARCIAL - MAR/POS 



                         1                                !       I*******!************
                         2                                !       I*****  !
                         3                                !      *I       !
                         4                                !       I       !
                         5                                !       I*****  !
                         6                               *!*******I       !
                         7                                !       I****** !
                         8                                !       I       !
                         9                                !    ***I       !
                        10                                !       I*      !
                        11                                !       I*      !



                                                    CORRELOGRAMO PARCIAL - ABR/POS 



                         1                                !       I*******!***************
                         2                                !       I*******!******
                         3                                !       I       !
                         4                                !       I*      !
                         5                                !      *I       !
                         6                                !    ***I       !
                         7                                !       I****   !
                         8                                !       I*******!***
                         9                                !     **I       !
                        10                                ! ******I       !
                        11                               *!*******I       !




                                                    CORRELOGRAMO PARCIAL - MAI/POS 



                         1                                !       I*******!*****************
                         2                                !       I*******!***
                         3                                !       I*******!*******
                         4                                !       I*      !
                         5                                !       I****   !
                         6                                !  *****I       !
                         7                                !       I****   !
                         8                                !       I*      !
                         9                                !       I       !
                        10                                !       I*****  !
                        11                                !       I****   !



                                                    CORRELOGRAMO PARCIAL - JUN/POS 



                         1                                !       I*******!***************
                         2                                !       I*****  !
                         3                                !       I       !
                         4                                !       I       !
                         5                                !       I****** !
                         6                                !       I****   !
                         7                                !     **I       !
                         8                                !*******I       !
                         9                                !       I       !
                        10                                !   ****I       !
                        11                                !       I*****  !




                                                    CORRELOGRAMO PARCIAL - JUL/POS 



                         1                                !       I*******!*********************
                         2                                !       I*******!***********
                         3                                !       I****   !
                         4                                !       I*      !
                         5                                !       I****   !
                         6                                !       I       !
                         7                                !       I**     !
                         8                                !       I***    !
                         9                                !    ***I       !
                        10                             ***!*******I       !
                        11                                !*******I       !



                                                    CORRELOGRAMO PARCIAL - AGO/POS 



                         1                                !       I*******!**********************
                         2                                ! ******I       !
                         3                                !       I**     !
                         4                                !  *****I       !
                         5                                !       I***    !
                         6                                !*******I       !
                         7                                !*******I       !
                         8                                !       I       !
                         9                                !       I*******!
                        10                                !     **I       !
                        11                                !     **I       !




                                                    CORRELOGRAMO PARCIAL - SET/POS 



                         1                                !       I*******!***************
                         2                                !       I*******!*****
                         3                                !       I*******!*
                         4                                ! ******I       !
                         5                                !       I*****  !
                         6                                !       I       !
                         7                                !     **I       !
                         8                                !  *****I       !
                         9                                !      *I       !
                        10                                !       I**     !
                        11                                !       I*******!



                                                    CORRELOGRAMO PARCIAL - OUT/POS 



                         1                                !       I*******!*************
                         2                                !       I****   !
                         3                                !       I*******!****
                         4                                !       I*******!*
                         5                                !      *I       !
                         6                                !     **I       !
                         7                                !   ****I       !
                         8                                !       I***    !
                         9                                !      *I       !
                        10                                !       I***    !
                        11                                !     **I       !




                                                    CORRELOGRAMO PARCIAL - NOV/POS 



                         1                                !       I*******!*************
                         2                                !       I*******!
                         3                                !   ****I       !
                         4                                !     **I       !
                         5                                !  *****I       !
                         6                                !    ***I       !
                         7                                !*******I       !
                         8                                !       I*      !
                         9                                !       I***    !
                        10                                !       I***    !
                        11                                !      *I       !



                                                    CORRELOGRAMO PARCIAL - DEZ/POS 



                         1                                !       I*******!************
                         2                                !       I*******!**
                         3                                !       I       !
                         4                                !       I****** !
                         5                                !       I       !
                         6                                !       I       !
                         7                                !   ****I       !
                         8                                !       I*      !
                         9                                !   ****I       !
                        10                                ! ******I       !
                        11                                !       I**     !


                                           ORDEM ORIGINAL DO MODELO AUTORREGRESSIVO PARA CADA PERIODO

                                      JAN  FEV  MAR  ABR  MAI  JUN  JUL  AGO  SET  OUT  NOV  DEZ

                                POS     1    1    6    2    3    1    2    1    3    4    1    2


                                           ORDEM FINAL DO MODELO AUTORREGRESSIVO PARA CADA PERIODO

                                      JAN  FEV  MAR  ABR  MAI  JUN  JUL  AGO  SET  OUT  NOV  DEZ

                                POS     1    1    1    2    3    1    2    1    3    4    1    2



          PERIODO: JAN/POS 
                                     COEFICIENTES DA EQUACAO DE REGRESSAO DE UM PROCESSO AR( 1)
0.570E+00
0.882E+00
-.160E-01
-.406E-01



          PERIODO: FEV/POS 
                                     COEFICIENTES DA EQUACAO DE REGRESSAO DE UM PROCESSO AR( 1)
0.470E+00
0.438E+00
0.592E-01
0.145E+00



          PERIODO: MAR/POS 
                                     COEFICIENTES DA EQUACAO DE REGRESSAO DE UM PROCESSO AR( 1)
0.549E+00
0.493E+00
0.119E+00
0.277E+00



          PERIODO: ABR/POS 
                                     COEFICIENTES DA EQUACAO DE REGRESSAO DE UM PROCESSO AR( 2)
0.462E+00  0.306E+00
0.290E+00  0.172E+00
0.157E+00
0.238E+00



          PERIODO: MAI/POS 
                                     COEFICIENTES DA EQUACAO DE REGRESSAO DE UM PROCESSO AR( 3)
0.363E+00  0.197E+00  0.272E+00
0.236E+00  0.800E-01  0.993E-01
0.188E+00
0.184E+00



          PERIODO: JUN/POS 
                                     COEFICIENTES DA EQUACAO DE REGRESSAO DE UM PROCESSO AR( 1)
0.657E+00
0.673E+00
0.192E+00
0.192E+00



          PERIODO: JUL/POS 
                                     COEFICIENTES DA EQUACAO DE REGRESSAO DE UM PROCESSO AR( 2)
0.535E+00  0.403E+00
0.352E+00  0.272E+00
0.463E-01
0.300E-01



          PERIODO: AGO/POS 
                                     COEFICIENTES DA EQUACAO DE REGRESSAO DE UM PROCESSO AR( 1)
0.807E+00
0.639E+00
0.130E+00
0.661E-01



          PERIODO: SET/POS 
                                     COEFICIENTES DA EQUACAO DE REGRESSAO DE UM PROCESSO AR( 3)
0.426E+00  0.262E+00  0.341E+00
0.764E+00  0.372E+00  0.320E+00
-.210E+00
-.189E+00



          PERIODO: OUT/POS 
                                     COEFICIENTES DA EQUACAO DE REGRESSAO DE UM PROCESSO AR( 4)
0.332E+00  -.598E-01  0.301E+00  0.346E+00
0.327E+00  -.106E+00  0.422E+00  0.319E+00
-.621E-01
-.539E-01



          PERIODO: NOV/POS 
                                     COEFICIENTES DA EQUACAO DE REGRESSAO DE UM PROCESSO AR( 1)
0.612E+00
0.793E+00
0.152E+00
0.167E+00



          PERIODO: DEZ/POS 
                                     COEFICIENTES DA EQUACAO DE REGRESSAO DE UM PROCESSO AR( 2)
0.404E+00  0.296E+00
0.623E+00  0.592E+00
0.116E+00
0.194E+00


                                                          SERIE DE RUIDOS  - ANO: POS 



        JAN        FEV        MAR        ABR        MAI        JUN        JUL        AGO        SET        OUT        NOV        DEZ

     0.000E+00  0.224E+01  0.208E+00  -.222E+00  0.881E+00  -.734E+00  -.591E+00  -.526E-01  -.116E+00  0.154E+00  -.510E+00  -.271E+00
     0.392E+00  0.244E+00  -.206E+00  -.656E+00  -.382E+00  0.235E+00  -.152E+00  -.393E-01  -.114E+00  0.128E+00  -.506E+00  0.534E+00
     -.123E+01  -.104E+01  -.533E+00  0.212E+00  0.263E-01  -.755E-01  -.231E-01  0.395E+00  0.928E-01  0.391E+00  -.110E+01  -.348E+00
     -.123E+00  -.825E+00  -.236E+00  -.160E+00  -.277E+00  0.288E-01  -.144E+00  -.785E-01  0.471E+00  0.239E-01  -.473E+00  0.110E+01
     0.833E-01  0.126E+01  -.305E+00  0.594E+00  0.998E-01  -.259E+00  -.110E+00  0.173E+00  -.242E+00  0.456E+00  -.105E+01  -.109E+01
     -.832E+00  -.681E+00  0.163E+01  0.327E-01  0.719E-01  -.330E+00  -.230E+00  0.312E+00  0.615E+00  -.308E+00  0.121E+00  0.793E+00
     0.906E+00  -.652E+00  -.591E+00  -.897E-01  0.820E+00  -.218E+00  -.479E+00  -.127E+00  -.366E+00  0.139E+01  -.149E+00  0.128E+01
     -.836E+00  -.407E+00  -.832E-01  -.231E+00  0.473E+00  -.278E+00  -.191E+00  0.458E+00  0.131E-01  0.128E+01  -.225E+00  -.284E-01
     0.921E-01  0.352E+00  -.106E+01  -.152E+00  -.886E-02  -.261E+00  0.221E-01  0.150E-01  -.153E+00  -.290E+00  0.114E-01  0.542E+00
     0.405E+00  0.102E+01  0.487E+00  -.600E+00  -.363E+00  -.273E+00  -.109E+00  -.139E+00  -.199E+00  -.160E+00  0.886E+00  0.452E+00
     -.710E+00  -.998E+00  -.446E+00  0.530E-01  -.330E+00  0.429E-01  0.411E+00  -.340E+00  0.144E+01  0.836E+00  -.459E+00  -.216E+00
     -.624E+00  -.275E+00  0.102E+01  0.641E-01  0.132E+00  0.904E-01  0.237E+00  -.213E+00  -.319E+00  -.254E-01  0.504E+00  -.407E+00
     0.867E+00  0.182E+00  0.339E+00  -.516E+00  -.153E+00  0.463E-01  0.120E+00  0.405E+00  -.336E+00  0.599E+00  -.532E+00  -.601E+00
     -.816E+00  0.132E+00  0.362E+00  -.178E+00  -.317E+00  -.118E+00  -.135E-01  -.285E-01  -.191E+00  -.190E+00  -.629E-01  -.635E+00
     -.585E+00  0.132E+01  -.601E+00  0.118E+00  -.360E+00  0.183E+00  0.505E+00  -.459E+00  -.435E+00  -.493E+00  0.933E+00  0.108E+01
     0.167E+01  -.136E+01  0.319E+00  0.446E+00  -.101E-01  -.124E+00  0.276E+00  -.170E+00  -.574E+00  0.649E-01  -.362E+00  -.988E+00
     0.802E+00  0.400E+00  0.333E+01  -.102E+00  -.459E+00  -.290E+00  0.283E+00  -.267E+00  0.116E+01  -.561E+00  -.405E+00  -.232E+00
     -.334E+00  0.346E+00  0.320E+00  -.289E+00  -.195E+00  0.723E-01  -.424E+00  0.194E+00  -.393E+00  -.378E+00  0.623E+00  -.719E-01
     0.313E-02  0.971E+00  -.759E+00  -.287E+00  0.101E+00  -.234E+00  -.341E+00  0.319E-02  -.216E+00  -.311E+00  0.747E+00  -.181E+00
     -.218E+00  0.162E+01  -.501E+00  -.218E-01  -.167E+00  -.217E+00  0.414E+00  0.305E+00  -.505E+00  -.276E+00  0.601E+00  0.698E+00
     -.766E+00  0.544E+00  0.124E+00  0.207E+00  0.203E+00  -.272E+00  -.223E+00  0.163E+00  -.487E+00  -.421E+00  -.101E+01  -.519E+00
     -.331E+00  0.797E+00  0.141E+01  0.318E+00  -.761E+00  0.258E+00  -.290E+00  -.977E-01  -.200E+00  -.602E+00  0.462E-01  -.973E+00
     -.876E+00  -.704E+00  -.130E+00  0.125E+01  -.340E+00  0.211E-01  0.799E-01  0.239E+00  0.252E-01  -.568E-01  -.230E-01  -.314E+00
     -.774E+00  0.342E+00  -.943E+00  0.577E-01  0.736E+00  -.184E+00  -.538E+00  0.866E-02  -.287E+00  -.233E+00  -.378E+00  -.556E+00
     0.123E-01  -.904E+00  0.152E+00  0.181E+00  -.192E+00  0.202E+00  -.201E+00  -.522E-01  0.240E+00  -.158E+00  -.160E+00  0.734E+00
     -.759E+00  -.937E+00  0.537E+00  -.287E+00  0.471E+00  0.411E+00  -.137E+00  0.102E+01  -.427E+00  -.464E+00  -.243E+00  0.503E+00
     0.113E+00  0.188E-01  0.531E+00  0.142E+01  0.449E+00  -.352E+00  0.317E-01  -.153E-02  0.464E+00  -.788E+00  0.405E+00  -.533E-01
     -.115E+01  0.661E+00  -.214E+00  -.512E-01  0.967E+00  0.255E+00  0.399E+00  -.993E-01  -.216E+00  -.932E-01  -.340E+00  -.109E+01
     0.805E+00  -.229E+00  -.624E-01  0.549E+00  -.277E+00  -.148E+00  0.935E-02  0.432E+00  -.348E+00  -.168E+00  0.903E-01  -.727E+00
     0.329E+00  0.178E+00  0.112E+01  -.578E+00  0.228E+00  -.225E+00  0.527E+00  0.587E-01  -.656E+00  -.490E+00  -.318E+00  0.562E+00
     0.134E+01  0.125E+01  0.991E+00  -.620E+00  0.277E+00  -.744E+00  -.324E+00  0.163E+00  -.411E+00  -.849E+00  -.245E+00  -.881E+00
     -.254E-01  0.140E+01  -.550E+00  -.690E+00  -.146E+00  0.959E-01  -.876E-01  0.298E+00  -.182E+00  0.648E+00  -.748E-01  0.152E+00
     -.374E+00  -.240E+00  -.676E+00  -.507E+00  -.260E+00  -.898E-01  0.132E+00  0.996E-01  -.235E-01  0.910E-02  -.217E+00  -.132E+01
     0.602E+00  0.655E+00  -.117E+01  -.152E+00  0.556E-02  -.771E-01  -.385E+00  -.593E+00  -.102E+00  0.824E+00  0.304E+00  0.122E+00
     0.829E+00  0.151E+01  0.673E+00  -.874E+00  0.107E+01  -.293E+00  0.590E+00  0.338E+00  -.110E+01  0.666E+00  0.917E-02  0.292E+00
     0.803E+00  -.169E-01  0.171E+01  -.313E+00  -.864E-01  -.925E+00  -.466E+00  -.570E-01  0.176E+00  0.896E+00  0.127E+01  -.106E+00
     0.113E+01  0.541E+00  -.174E+00  -.639E+00  -.356E+00  -.242E+00  0.328E-01  0.387E+00  -.142E+00  -.282E+00  0.820E+00  -.288E+00
     -.135E+00  -.955E+00  -.358E+00  -.374E+00  -.300E+00  -.574E-01  0.310E-01  0.427E+00  0.154E+00  0.310E+00  -.820E+00  0.732E+00
     -.104E+01  -.314E+00  -.387E+00  -.222E+00  -.547E+00  0.342E+00  -.691E-01  0.120E+00  -.319E+00  0.592E+00  0.214E+01  -.701E+00
     -.292E+00  -.946E-01  0.355E+00  -.390E+00  -.303E+00  -.648E-01  0.297E+00  -.254E+00  0.154E+01  -.710E-01  0.383E+00  -.149E+01
     -.814E+00  -.110E+01  -.465E+00  0.324E-01  0.267E-02  0.367E+00  0.199E+00  -.482E+00  0.128E-01  0.671E+00  -.585E+00  0.112E+01
     -.674E+00  0.660E+00  0.143E+00  -.414E+00  -.567E+00  -.170E+00  0.141E+01  -.420E+00  -.322E+00  0.895E+00  0.470E+00  -.492E+00
     -.373E+00  -.315E+00  -.654E+00  0.109E+01  -.295E+00  -.179E+00  -.136E+00  0.845E-01  -.133E+00  0.236E+00  0.111E+00  0.725E+00
     -.208E-01  -.988E+00  0.706E+00  0.384E+00  -.167E+00  0.504E+00  0.119E+00  -.121E+00  -.583E+00  -.483E+00  -.751E+00  0.479E+00
     -.209E+00  0.251E+00  -.925E+00  -.161E+00  -.400E+00  -.255E+00  0.417E+00  -.812E+00  -.280E-02  0.434E+00  0.108E+01  -.247E+00
     -.974E+00  -.771E-01  0.288E+00  0.582E+00  0.657E+00  0.703E+00  0.161E+01  0.125E+01  0.917E+00  0.168E+00  0.131E+01  0.111E+00
     -.366E+00  -.163E+00  -.752E+00  0.578E+00  -.638E+00  -.191E+00  -.204E+00  -.389E+00  0.122E+01  -.506E+00  0.524E+00  0.652E+00
     -.434E+00  -.459E+00  -.551E-02  -.399E+00  0.473E+00  0.531E+00  -.357E+00  -.310E+00  -.393E+00  -.255E+00  0.693E+00  -.292E+00
     -.409E+00  0.903E+00  -.553E+00  -.114E+00  0.243E+00  -.127E+00  0.178E+00  0.788E+00  0.817E+00  -.480E+00  0.791E+00  0.572E+00
     0.913E+00  -.633E-01  -.987E+00  0.215E+01  -.762E-01  -.452E-01  0.377E+00  -.628E+00  -.263E+00  -.861E+00  0.270E+00  0.975E+00
     0.943E+00  -.126E+01  -.266E+00  0.411E-01  0.782E-01  0.451E+00  -.153E+00  0.281E+00  -.684E+00  0.170E+01  0.870E+00  0.142E+01
     -.459E+00  -.451E-01  0.219E+01  0.220E+00  -.120E+00  0.180E+00  0.290E+00  0.506E-01  -.103E+01  0.743E-01  -.911E+00  0.134E+01
     0.144E+01  0.150E+01  0.839E+00  0.109E+01  0.612E+00  0.394E+01  -.219E+00  -.624E+00  0.160E+01  0.536E+00  -.354E-01  0.158E+00
     -.154E+01  -.965E+00  -.108E+01  -.269E+00  0.287E+00  -.116E+01  -.477E+00  0.689E+00  0.722E+00  -.338E+00  -.119E+00  0.305E+00
     0.913E+00  0.281E+00  0.128E+01  -.973E-02  -.429E+00  -.395E+00  -.569E-01  0.891E-01  0.108E+00  -.439E+00  0.552E-01  -.586E+00
     0.186E+00  -.174E+00  -.112E+00  -.371E+00  0.934E+00  -.598E+00  0.381E+00  0.107E+01  -.103E+01  -.823E+00  -.628E+00  0.174E+01
     -.117E+00  0.116E+00  -.680E+00  0.966E+00  0.199E+00  0.554E-01  -.106E+00  -.169E-01  0.366E+00  -.636E+00  -.343E+00  0.110E+00
     -.715E+00  0.350E+00  -.714E-01  -.451E+00  0.110E+00  0.270E+00  -.522E+00  0.210E+00  -.366E+00  0.408E+00  -.390E+00  -.872E+00
     0.662E+00  -.111E+00  0.271E+00  -.388E+00  -.515E+00  0.117E+00  0.348E+00  0.682E+00  0.166E+00  -.104E+00  -.397E+00  0.185E+00
     -.415E+00  -.121E+01  0.224E+00  0.106E+00  0.598E+00  -.391E+00  0.187E+00  0.507E+00  0.316E+00  0.884E-01  -.922E+00  -.684E+00
     0.761E+00  0.717E+00  0.396E+00  0.249E+01  0.150E+00  -.769E+00  -.237E+00  -.453E+00  -.371E+00  0.601E+00  -.158E+01  -.772E+00
     0.149E+01  0.641E+00  -.718E+00  -.203E+00  0.968E+00  -.962E+00  0.247E+00  -.328E+00  0.100E+01  0.839E+00  0.112E+01  -.117E+01
     -.622E+00  0.871E+00  -.387E+00  -.426E-01  -.468E+00  0.421E+00  -.240E+00  0.182E+00  0.157E-01  -.418E-02  -.116E+01  -.812E+00
     0.771E+00  -.129E+01  0.283E+00  -.414E-01  0.109E+01  -.448E+00  -.317E+00  -.186E+00  -.394E+00  -.535E+00  -.103E+00  0.356E+00
     -.913E+00  0.268E+01  -.147E+01  -.195E+00  -.289E+00  -.375E+00  0.344E-01  -.676E+00  -.352E+00  0.114E+01  -.818E+00  -.604E+00
     0.667E+00  -.834E+00  0.433E+00  -.245E+00  0.170E+00  -.309E+00  -.176E-01  0.232E+00  0.153E+01  -.811E-01  0.232E+01  0.739E-01
     0.179E+01  -.777E+00  -.320E+00  -.438E-01  -.230E+00  0.907E+00  -.215E+00  -.386E+00  -.500E+00  -.320E+00  -.178E+00  -.878E-01
     -.734E+00  -.230E+00  -.488E+00  -.268E+00  0.533E-01  0.126E+00  -.369E+00  0.361E+00  -.347E+00  0.673E+00  -.674E+00  0.182E-01
     0.209E+00  -.123E+00  0.333E+00  -.636E+00  -.486E+00  0.208E+00  0.761E-01  -.517E+00  0.118E+00  -.928E+00  -.397E+00  -.735E-01
     0.152E+01  0.133E-01  -.217E+00  -.551E+00  -.652E+00  0.151E+00  0.108E+00  0.339E+00  0.872E+00  -.855E+00  0.626E+00  -.452E-01
     -.943E+00  -.749E+00  -.551E+00  -.210E+00  -.711E-01  -.815E-01  -.164E+00  -.850E-01  0.529E+00  0.605E+00  -.116E+00  0.149E-01
     -.453E+00  0.117E+01  -.768E+00  -.771E+00  -.442E+00  -.160E+00  0.492E-01  -.107E+00  0.464E+00  -.655E+00  0.364E+00  0.270E+00
     0.363E+00  -.324E+00  -.373E+00  -.129E+00  -.204E+00  -.271E+00  0.252E+00  -.554E+00  0.678E-01  -.199E+00  -.242E+00  -.342E-01
     -.238E+00  0.391E+00  -.142E+00  0.230E+00  0.411E+00  0.414E+00  0.227E+00  -.531E+00  -.100E+01  0.467E-01  -.625E+00  0.956E+00
     0.393E+00  -.760E-01  0.484E-01  -.545E+00  0.105E+01  -.518E+00  -.199E+00  -.318E+00  0.159E+00  -.739E+00  0.206E+00  0.182E+00
     -.776E+00  -.307E+00  0.436E+00  -.590E+00  -.469E+00  -.247E-01  0.253E-03  -.232E+00  0.294E+00  0.420E+00  0.202E-01  0.450E+00
     0.255E+01  -.247E+00  -.141E+01  -.573E+00  -.389E+00  -.528E-01  0.262E+00  -.321E+00  -.468E+00  -.512E+00  0.513E+00  -.323E+00
     -.443E+00  0.642E+00  0.515E+00  0.126E+01  -.345E+00  -.488E-01  -.376E+00  0.572E+00  -.218E+00  -.657E-01  0.622E+00  0.109E+00
     0.145E+00  0.149E+01  -.743E+00  0.111E+01  -.852E+00  -.137E+00  0.469E+00  0.279E+00  0.817E+00  0.578E+00  -.136E+01  0.867E+00
     -.642E+00  -.100E+01  -.182E+00  -.207E+00  -.233E+00  -.159E+00  0.813E-01  -.516E+00  0.110E+00  0.283E+00  0.310E+00  0.435E+00
     0.153E+01  -.154E+01  0.138E+01  -.371E-01  -.270E+00  0.996E-01  -.619E-01  -.119E+00  -.407E+00  0.284E-01  -.601E+00  0.755E+00
     0.572E+00  -.118E+01  -.644E+00  -.136E+00  0.417E+00  0.869E+00  -.164E+00  -.693E+00  -.753E+00  -.120E+01  -.219E+00  -.334E+00
     0.774E+00  0.145E+00  -.283E+00  0.197E+00  -.299E+00  0.592E+00  0.174E+00  -.354E+00  -.386E+00  0.487E-01  -.420E+00  -.471E+00
     -.136E+01  -.117E+01  -.657E+00  0.102E+00  -.464E-01  0.157E+00  0.652E-01  -.524E-01  -.673E-01  -.575E+00  -.154E+00  0.241E-01
     -.119E+01  -.509E+00  0.305E-01  0.723E-01  0.133E+00  0.263E+00  -.134E+00  -.209E+00  0.979E+00  -.894E+00  0.492E+00  0.170E+00
     0.450E+00  -.617E+00  0.229E+00  -.523E+00  -.268E+00  0.133E+01  -.595E+00  -.108E-01  -.604E+00  -.145E+00  0.666E-01  -.107E+01
     -.557E+00  -.868E+00  -.380E+00  -.321E+00  0.473E+00  0.889E-01  -.458E+00  -.328E+00  -.159E+00  -.265E+00  0.271E-01  -.482E+00
     -.223E+00  -.875E+00  -.160E+00  -.447E+00  -.401E+00  0.193E+00  -.292E+00  0.359E+00  0.254E+00  0.118E+01  0.632E+00  -.470E+00
     -.105E+01  -.512E+00  0.794E+00  0.290E+00  0.945E-01  -.314E+00  -.357E+00  -.194E+00  0.570E-01  -.362E+00  0.164E-01  -.132E+00

                                                       MEDIA DA SERIE DE RUIDOS


        JAN        FEV        MAR        ABR        MAI        JUN        JUL        AGO        SET        OUT        NOV        DEZ

POS  -.289E-02  -.106E-15  0.183E-15  -.112E-16  0.150E-15  0.786E-16  -.143E-15  -.143E-15  0.343E-15  0.170E-15  0.661E-16  -.125E-17



                                                     DESVIO PADRAO DA SERIE DE RUIDOS


        JAN        FEV        MAR        ABR        MAI        JUN        JUL        AGO        SET        OUT        NOV        DEZ

POS  0.831E+00  0.863E+00  0.786E+00  0.594E+00  0.452E+00  0.577E+00  0.364E+00  0.403E+00  0.585E+00  0.586E+00  0.688E+00  0.674E+00



                                                     ASSIMETRIA DA SERIE DE RUIDOS


        JAN        FEV        MAR        ABR        MAI        JUN        JUL        AGO        SET        OUT        NOV        DEZ

POS  0.602E+00  0.586E+00  0.125E+01  0.184E+01  0.747E+00  0.368E+01  0.154E+01  0.568E+00  0.907E+00  0.558E+00  0.648E+00  0.182E+00



                                          CORRELOGRAMO DA SERIE DE RUIDOS


   ORDEM
 JAN/POS   -0.00832   0.07099  -0.05539  -0.10118  -0.17373  -0.00677   0.08443   0.00566  -0.03100   0.14427   0.02477
 FEV/POS    0.05324  -0.15762  -0.01289   0.05448  -0.04896  -0.06076   0.09485  -0.05151   0.26949  -0.02192   0.11186
 MAR/POS   -0.05968   0.13665  -0.01782  -0.03846  -0.14221   0.02355   0.10660   0.02638  -0.14245   0.01475  -0.01485
 ABR/POS    0.00152   0.00427  -0.01730   0.07366  -0.19048  -0.03636   0.09379  -0.10451   0.30190   0.00075   0.01499
 MAI/POS   -0.00762  -0.00668  -0.02021   0.00566   0.04563  -0.04840  -0.00239  -0.13835  -0.11148  -0.04464   0.08419
 JUN/POS   -0.06437   0.10886   0.04408  -0.05151   0.08443   0.03081  -0.01215   0.02358  -0.01334  -0.11696   0.01364
 JUL/POS    0.00557  -0.09594   0.04322   0.02638   0.09485  -0.00677   0.10222   0.09689   0.14371  -0.09030  -0.17130
 AGO/POS    0.07007  -0.15947   0.12738  -0.10451   0.10660  -0.06076  -0.17373   0.10240   0.13732   0.05288  -0.04191
 SET/POS   -0.00080   0.07247   0.06870  -0.13835   0.09379   0.02355  -0.04896  -0.10118  -0.12799  -0.01982   0.10474
 OUT/POS   -0.00158   0.00226   0.02174   0.02358  -0.00239  -0.03636  -0.14221   0.05448   0.15478   0.08592  -0.00775
 NOV/POS   -0.02895   0.24656   0.01024   0.09689  -0.01215  -0.04840  -0.19048  -0.03846   0.13286  -0.15714  -0.02126
 DEZ/POS   -0.00273  -0.01450  -0.09021   0.10240   0.10222   0.03081   0.04563   0.07366  -0.01782   0.06216   0.03776


