 NUMERO DE PATAMARES
 XX
  3
ANO   DURACAO MENSAL DOS PATAMARES DE CARGA
      JAN     FEV     MAR     ABR     MAI     JUN     JUL     AGO     SET     OUT     NOV     DEZ   
      X.XXXX  X.XXXX  X.XXXX  X.XXXX  X.XXXX  X.XXXX  X.XXXX  X.XXXX  X.XXXX  X.XXXX  X.XXXX  X.XXXX
2025  0.2366  0.2381  0.2151  0.1944  0.1411  0.1389  0.1546  0.1411  0.2139  0.2164  0.2111  0.2366
      0.3508  0.3512  0.3454  0.3750  0.3777  0.3750  0.3938  0.3777  0.3833  0.3844  0.3444  0.3508
      0.4126  0.4107  0.4395  0.4306  0.4812  0.4861  0.4516  0.4812  0.4028  0.3992  0.4445  0.4126
2026  0.2258  0.2262  0.2366  0.1944  0.1344  0.1458  0.1546  0.1411  0.2042  0.1976  0.2111  0.2366
      0.3481  0.3482  0.3508  0.3750  0.3696  0.3833  0.3938  0.3777  0.3792  0.3763  0.3444  0.3508
      0.4261  0.4256  0.4126  0.4306  0.4960  0.4709  0.4516  0.4812  0.4166  0.4261  0.4445  0.4126
2027  0.2151  0.2262  0.2366  0.2042  0.1344  0.1528  0.1478  0.1478  0.2042  0.1882  0.2222  0.2473
      0.3454  0.3482  0.3508  0.3792  0.3696  0.3917  0.3858  0.3858  0.3792  0.3723  0.3472  0.3535
      0.4395  0.4256  0.4126  0.4166  0.4960  0.4555  0.4664  0.4664  0.4166  0.4395  0.4306  0.3992
2028  0.2258  0.2299  0.2473  0.1750  0.1478  0.1458  0.1411  0.1546  0.1944  0.1976  0.2111  0.2151
      0.3481  0.3491  0.3535  0.3667  0.3858  0.3833  0.3777  0.3938  0.3750  0.3763  0.3444  0.3454
      0.4261  0.4210  0.3992  0.4583  0.4664  0.4709  0.4812  0.4516  0.4306  0.4261  0.4445  0.4395
2029  0.2366  0.2262  0.2258  0.2042  0.1411  0.1458  0.1478  0.1546  0.1847  0.2070  0.2111  0.2151
      0.3508  0.3482  0.3481  0.3792  0.3777  0.3833  0.3858  0.3938  0.3708  0.3804  0.3444  0.3454
      0.4126  0.4256  0.4261  0.4166  0.4812  0.4709  0.4664  0.4516  0.4445  0.4126  0.4445  0.4395
 SUBSISTEMA
 XXX
    ANO                       CARGA(P.U.DEMANDA MED.)
   XXXX X.XXXX X.XXXX X.XXXX X.XXXX X.XXXX X.XXXX X.XXXX X.XXXX X.XXXX X.XXXX X.XXXX X.XXXX
   1
   2025 1.0941 1.0855 1.0912 1.1116 1.1085 1.1264 1.1163 1.1117 1.1158 1.1067 1.1103 1.0936
        1.0786 1.0795 1.0777 1.0750 1.1102 1.1138 1.1134 1.1159 1.0765 1.0728 1.0751 1.0758
        0.8792 0.8825 0.8943 0.8843 0.8817 0.8761 0.8613 0.8763 0.8657 0.8720 0.8894 0.8819
   2026 1.0997 1.0880 1.0875 1.1168 1.1236 1.1275 1.1233 1.1154 1.1213 1.1157 1.1126 1.0956
        1.0756 1.0781 1.0771 1.0719 1.1075 1.1074 1.1085 1.1148 1.0769 1.0723 1.0744 1.0741
        0.8854 0.8893 0.8843 0.8846 0.8864 0.8731 0.8632 0.8761 0.8705 0.8825 0.8889 0.8823
   2027 1.1074 1.0895 1.0886 1.1124 1.1282 1.1270 1.1287 1.1158 1.1225 1.1230 1.1101 1.0941
        1.0747 1.0770 1.0751 1.0710 1.1081 1.1049 1.1079 1.1130 1.0757 1.0724 1.0745 1.0738
        0.8887 0.8894 0.8854 0.8803 0.8847 0.8673 0.8700 0.8698 0.8711 0.8860 0.8831 0.8763
   2028 1.1060 1.0897 1.0846 1.1302 1.1202 1.1311 1.1383 1.1126 1.1287 1.1227 1.1145 1.1052
        1.0749 1.0762 1.0741 1.0712 1.1014 1.1044 1.1093 1.1088 1.0746 1.0716 1.0729 1.0707
        0.8826 0.8879 0.8820 0.8933 0.8780 0.8744 0.8736 0.8666 0.8769 0.8799 0.8891 0.8930
   2029 1.1012 1.0923 1.0935 1.1197 1.1268 1.1338 1.1379 1.1142 1.1369 1.1195 1.1160 1.1071
        1.0735 1.0750 1.0718 1.0706 1.1026 1.1030 1.1068 1.1072 1.0761 1.0694 1.0719 1.0707
        0.8795 0.8896 0.8918 0.8771 0.8822 0.8747 0.8679 0.8675 0.8796 0.8761 0.8892 0.8920
   2
   2025 1.1137 1.1103 1.1281 1.1594 1.1560 1.1820 1.1628 1.1659 1.1614 1.1533 1.1518 1.1145
        1.1034 1.1006 1.0986 1.0934 1.1538 1.1577 1.1472 1.1605 1.0956 1.0891 1.0949 1.0892
        0.8469 0.8501 0.8599 0.8466 0.8335 0.8263 0.8159 0.8254 0.8233 0.8311 0.8544 0.8585
   2026 1.1221 1.1106 1.1199 1.1652 1.1745 1.1762 1.1644 1.1704 1.1705 1.1681 1.1539 1.1167
        1.0994 1.0990 1.1017 1.0901 1.1536 1.1506 1.1457 1.1594 1.0974 1.0900 1.0941 1.0873
        0.8541 0.8602 0.8447 0.8469 0.8382 0.8228 0.8167 0.8249 0.8278 0.8425 0.8540 0.8588
   2027 1.1331 1.1125 1.1184 1.1575 1.1800 1.1720 1.1733 1.1684 1.1737 1.1803 1.1495 1.1142
        1.0985 1.0976 1.0973 1.0893 1.1544 1.1470 1.1455 1.1555 1.0957 1.0914 1.0946 1.0867
        0.8574 0.8604 0.8494 0.8416 0.8362 0.8159 0.8247 0.8181 0.8278 0.8454 0.8465 0.8525
   2028 1.1301 1.1123 1.1135 1.1877 1.1658 1.1794 1.1892 1.1606 1.1811 1.1791 1.1568 1.1314
        1.0990 1.0964 1.0979 1.0896 1.1436 1.1474 1.1489 1.1479 1.0953 1.0902 1.0922 1.0827
        0.8502 0.8587 0.8430 0.8566 0.8286 0.8244 0.8277 0.8161 0.8351 0.8373 0.8540 0.8707
   2029 1.1225 1.1162 1.1257 1.1676 1.1753 1.1826 1.1863 1.1627 1.1949 1.1724 1.1596 1.1346
        1.0966 1.0948 1.0929 1.0890 1.1457 1.1455 1.1455 1.1458 1.0977 1.0860 1.0909 1.0831
        0.8477 0.8607 0.8575 0.8369 0.8343 0.8250 0.8206 0.8172 0.8374 0.8342 0.8537 0.8689
   3
   2025 1.0172 1.0136 1.0198 1.0355 1.0163 1.0122 1.0073 1.0133 1.0331 1.0255 1.0343 1.0304
        1.0812 1.0846 1.0799 1.0715 1.0888 1.0907 1.0878 1.0872 1.0702 1.0706 1.0746 1.0761
        0.9211 0.9198 0.9276 0.9217 0.9256 0.9265 0.9209 0.9276 0.9156 0.9182 0.9259 0.9179
   2026 1.0249 1.0238 1.0246 1.0425 1.0282 1.0159 1.0145 1.0168 1.0387 1.0321 1.0375 1.0326
        1.0747 1.0767 1.0775 1.0676 1.0853 1.0863 1.0831 1.0861 1.0683 1.0674 1.0730 1.0744
        0.9257 0.9246 0.9200 0.9219 0.9288 0.9248 0.9226 0.9275 0.9189 0.9256 0.9256 0.9181
   2027 1.0313 1.0262 1.0257 1.0403 1.0338 1.0172 1.0190 1.0186 1.0410 1.0382 1.0380 1.0331
        1.0726 1.0750 1.0750 1.0670 1.0853 1.0850 1.0807 1.0849 1.0669 1.0659 1.0737 1.0731
        0.9276 0.9247 0.9215 0.9193 0.9273 0.9212 0.9272 0.9239 0.9190 0.9278 0.9209 0.9147
   2028 1.0323 1.0278 1.0257 1.0539 1.0292 1.0220 1.0271 1.0184 1.0455 1.0411 1.0426 1.0424
        1.0724 1.0735 1.0735 1.0646 1.0810 1.0820 1.0798 1.0816 1.0638 1.0654 1.0703 1.0682
        0.9237 0.9239 0.9190 0.9277 0.9238 0.9264 0.9294 0.9225 0.9238 0.9232 0.9253 0.9256
   2029 1.0306 1.0309 1.0318 1.0479 1.0356 1.0248 1.0286 1.0214 1.0520 1.0398 1.0449 1.0446
        1.0707 1.0716 1.0701 1.0650 1.0807 1.0808 1.0785 1.0797 1.0633 1.0639 1.0689 1.0677
        0.9224 0.9250 0.9259 0.9173 0.9262 0.9266 0.9260 0.9232 0.9256 0.9211 0.9253 0.9250
   4
   2025 1.0255 1.0301 1.0330 1.0410 1.0159 1.0049 0.9975 1.0005 1.0305 1.0290 1.0332 1.0289
        1.0428 1.0443 1.0468 1.0403 1.0551 1.0596 1.0567 1.0568 1.0437 1.0416 1.0452 1.0406
        0.9489 0.9447 0.9471 0.9464 0.9521 0.9526 0.9514 0.9553 0.9422 0.9442 0.9492 0.9489
   2026 1.0271 1.0350 1.0320 1.0440 1.0230 1.0057 1.0002 1.0022 1.0331 1.0335 1.0337 1.0294
        1.0417 1.0414 1.0440 1.0383 1.0529 1.0572 1.0542 1.0562 1.0428 1.0399 1.0448 1.0399
        0.9516 0.9475 0.9442 0.9468 0.9543 0.9517 0.9526 0.9552 0.9448 0.9493 0.9493 0.9492
   2027 1.0309 1.0359 1.0336 1.0414 1.0256 1.0061 1.0031 1.0028 1.0339 1.0363 1.0337 1.0283
        1.0411 1.0405 1.0427 1.0376 1.0530 1.0565 1.0524 1.0561 1.0422 1.0393 1.0447 1.0392
        0.9526 0.9478 0.9444 0.9455 0.9535 0.9493 0.9557 0.9527 0.9449 0.9512 0.9465 0.9478
   2028 1.0305 1.0359 1.0312 1.0509 1.0218 1.0089 1.0080 1.0018 1.0365 1.0358 1.0360 1.0342
        1.0409 1.0398 1.0413 1.0374 1.0506 1.0544 1.0516 1.0545 1.0401 1.0394 1.0433 1.0370
        0.9504 0.9474 0.9441 0.9507 0.9513 0.9530 0.9571 0.9519 0.9486 0.9486 0.9493 0.9542
   2029 1.0287 1.0376 1.0364 1.0455 1.0257 1.0105 1.0080 1.0031 1.0402 1.0343 1.0368 1.0349
        1.0396 1.0389 1.0409 1.0373 1.0502 1.0534 1.0512 1.0533 1.0399 1.0385 1.0426 1.0371
        0.9499 0.9482 0.9473 0.9437 0.9531 0.9533 0.9551 0.9525 0.9500 0.9473 0.9495 0.9538
9999
 SUBSISTEMA
   A ->B
 XXX XXX
                             INTERCAMBIO(P.U.INTERC.MEDIO)
 X.XXXX X.XXXX X.XXXX X.XXXX X.XXXX X.XXXX X.XXXX X.XXXX X.XXXX X.XXXX X.XXXX X.XXXX
   1   2
   2025 1.0000 1.0000 1.0000 1.0000 1.0000 1.1066 1.0657 1.1045 1.1135 1.1143 1.0905 1.0956
        1.0000 1.0000 1.0000 1.0000 1.0000 0.6960 0.6997 0.7299 0.7359 0.7364 0.7331 0.7365
        1.0000 1.0000 1.0000 1.0000 1.0000 1.2041 1.2394 1.1813 1.1910 1.1918 1.1638 1.1692
   2026 1.0934 1.0935 1.0956 1.1037 1.0962 1.1037 1.1095 1.1006 1.1303 1.1288 1.1251 1.1280
        0.7351 0.7351 0.7365 0.7420 0.7370 0.7420 0.7459 0.7399 0.7566 0.7556 0.7560 0.7579
        1.1669 1.1670 1.1692 1.1779 1.1699 1.1779 1.1841 1.1746 1.1577 1.1561 1.1296 1.1324
   2027 1.1256 1.1268 1.1280 1.1575 1.1579 1.1649 1.1631 1.1631 1.1575 1.1653 1.1541 1.1542
        0.7563 0.7572 0.7579 0.7950 0.7952 0.8001 0.7988 0.7988 0.7950 0.8028 0.7951 0.7951
        1.1300 1.1313 1.1324 1.1094 1.1098 1.1166 1.1148 1.1148 1.1094 1.0963 1.0857 1.0858
   2028 1.1541 1.1541 1.1542 1.1645 1.1732 1.1725 1.1710 1.1755 1.1658 1.1659 1.1541 1.1541
        0.7951 0.7951 0.7951 0.8022 0.8082 0.8078 0.8067 0.8098 0.8031 0.8032 0.7950 0.7950
        1.0857 1.0858 1.0858 1.0955 1.1037 1.1031 1.1016 1.1058 1.0967 1.0968 1.0857 1.0857
   2029 1.1542 1.1541 1.1541 1.1664 1.1710 1.1725 1.1732 1.1755 1.1651 1.1666 1.1541 1.1541
        0.7951 0.7951 0.7951 0.8035 0.8067 0.8078 0.8082 0.8098 0.8026 0.8036 0.7950 0.7950
        1.0858 1.0857 1.0857 1.0973 1.1016 1.1031 1.1037 1.1058 1.0961 1.0975 1.0857 1.0857
   2   1
   2025 1.0000 1.0000 1.0000 1.0000 1.0000 0.9000 0.9064 0.8275 0.8514 0.8525 0.8385 0.8483
        1.0000 1.0000 1.0000 1.0000 1.0000 0.9000 0.9064 0.8275 0.8514 0.8525 0.8385 0.8483
        1.0000 1.0000 1.0000 1.0000 1.0000 1.1057 1.1136 1.1860 1.2203 1.2220 1.2018 1.2159
   2026 0.8441 0.8443 0.8483 0.8427 0.8231 0.7120 0.7202 0.7077 0.8963 0.8943 0.8908 0.8975
        0.8441 0.8443 0.8483 0.8427 0.8231 0.7271 0.7354 0.7227 0.9083 0.9063 0.9027 0.9095
        1.2099 1.2101 1.2159 1.2079 1.1798 1.3113 1.3265 1.3034 1.1343 1.1317 1.1273 1.1357
   2027 0.8918 0.8948 0.8975 0.8994 0.8833 0.8912 0.8891 0.8891 0.8994 0.8947 0.8968 0.9033
        0.9038 0.9067 0.9095 0.9110 0.8947 0.9027 0.9005 0.9005 0.9110 0.9063 0.9084 0.9149
        1.1286 1.1323 1.1357 1.1304 1.1101 1.1201 1.1174 1.1174 1.1304 1.1245 1.1271 1.1353
   2028 0.8977 0.8988 0.9033 0.8909 0.8891 0.8882 0.8861 0.8920 0.8965 0.8974 0.8940 0.8950
        0.9093 0.9104 0.9149 0.9024 0.9005 0.8996 0.8976 0.9035 0.9081 0.9090 0.9055 0.9065
        1.1283 1.1296 1.1353 1.1197 1.1174 1.1163 1.1138 1.1211 1.1268 1.1279 1.1236 1.1249
   2029 0.9005 0.8978 0.8977 0.8994 0.8861 0.8882 0.8891 0.8920 0.8937 0.9002 0.8940 0.8950
        0.9121 0.9094 0.9093 0.9110 0.8976 0.8996 0.9005 0.9035 0.9052 0.9118 0.9055 0.9065
        1.1318 1.1284 1.1283 1.1304 1.1138 1.1163 1.1174 1.1211 1.1232 1.1314 1.1236 1.1249
   1  11
   2025 1.0000 1.0000 1.0000 1.0000 1.0000 1.0000 1.0000 1.0000 1.0000 1.0000 1.0000 1.0000
        1.0000 1.0000 1.0000 1.0000 1.0000 1.0000 1.0000 1.0000 1.0000 1.0000 1.0000 1.0000
        1.0000 1.0000 1.0000 1.0000 1.0000 1.0000 1.0000 1.0000 1.0000 1.0000 1.0000 1.0000
   2026 1.0000 1.0000 1.0000 1.0000 1.0000 1.0000 1.0000 1.0000 1.0000 1.0000 1.0000 1.0000
        1.0000 1.0000 1.0000 1.0000 1.0000 1.0000 1.0000 1.0000 1.0000 1.0000 1.0000 1.0000
        1.0000 1.0000 1.0000 1.0000 1.0000 1.0000 1.0000 1.0000 1.0000 1.0000 1.0000 1.0000
   2027 1.0000 1.0000 1.0000 1.0000 1.0000 1.0000 1.0000 1.0000 1.0000 1.0000 1.0000 1.0000
        1.0000 1.0000 1.0000 1.0000 1.0000 1.0000 1.0000 1.0000 1.0000 1.0000 1.0000 1.0000
        1.0000 1.0000 1.0000 1.0000 1.0000 1.0000 1.0000 1.0000 1.0000 1.0000 1.0000 1.0000
   2028 1.0000 1.0000 1.0000 1.0000 1.0000 1.0000 1.0000 1.0000 1.0000 1.0000 1.0000 1.0000
        1.0000 1.0000 1.0000 1.0000 1.0000 1.0000 1.0000 1.0000 1.0000 1.0000 1.0000 1.0000
        1.0000 1.0000 1.0000 1.0000 1.0000 1.0000 1.0000 1.0000 1.0000 1.0000 1.0000 1.0000
   2029 1.0000 1.0000 1.0000 1.0000 1.0000 1.0000 1.0000 1.0000 1.0000 1.0000 1.0000 1.0000
        1.0000 1.0000 1.0000 1.0000 1.0000 1.0000 1.0000 1.0000 1.0000 1.0000 1.0000 1.0000
        1.0000 1.0000 1.0000 1.0000 1.0000 1.0000 1.0000 1.0000 1.0000 1.0000 1.0000 1.0000
  11   1
   2025 1.0000 1.0000 1.0000 1.0000 1.0000 0.7853 0.6666 1.0181 1.0151 1.0150 1.0167 1.0155
        1.0000 1.0000 1.0000 1.0000 1.0000 0.7853 1.0832 1.0181 1.0151 1.0150 1.0167 1.0155
        1.0000 1.0000 1.0000 1.0000 1.0000 1.2270 1.0416 0.9804 0.9775 0.9774 0.9791 0.9779
   2026 1.0160 1.0160 1.0155 1.0162 1.0187 1.0196 1.0188 1.0200 1.0173 1.0177 1.0202 1.0187
        1.0160 1.0160 1.0155 1.0162 1.0187 1.0196 1.0188 1.0200 1.0173 1.0177 1.0202 1.0187
        0.9784 0.9784 0.9779 0.9786 0.9810 0.9780 0.9772 0.9784 0.9758 0.9762 0.9748 0.9734
   2027 1.0199 1.0193 1.0187 1.0189 1.0206 1.0189 1.0194 1.0194 1.0173 1.0183 1.0195 1.0181
        1.0199 1.0193 1.0187 1.0189 1.0206 1.0189 1.0194 1.0194 1.0173 1.0183 1.0195 1.0181
        0.9746 0.9740 0.9734 0.9736 0.9790 0.9774 0.9778 0.9778 0.9758 0.9767 0.9742 0.9728
   2028 1.0193 1.0191 1.0181 1.0208 1.0194 1.0196 1.0200 1.0188 1.0179 1.0177 1.0202 1.0199
        1.0193 1.0191 1.0181 1.0208 1.0194 1.0196 1.0200 1.0188 1.0179 1.0177 1.0202 1.0199
        0.9740 0.9738 0.9728 0.9754 0.9778 0.9780 0.9784 0.9772 0.9764 0.9762 0.9748 0.9746
   2029 1.0187 1.0193 1.0193 1.0189 1.0200 1.0196 1.0194 1.0188 1.0185 1.0171 1.0202 1.0199
        1.0187 1.0193 1.0193 1.0189 1.0200 1.0196 1.0194 1.0188 1.0185 1.0171 1.0202 1.0199
        0.9734 0.9740 0.9740 0.9736 0.9784 0.9780 0.9778 0.9772 0.9769 0.9756 0.9748 0.9746
   3  11
   2025 1.0000 1.0000 1.0000 1.0000 1.0000 0.9505 0.9169 1.0000 1.0000 1.0000 1.0000 1.0000
        1.0000 1.0000 1.0000 1.0000 1.0000 0.9505 1.0152 1.0000 1.0000 1.0000 1.0000 1.0000
        1.0000 1.0000 1.0000 1.0000 1.0000 1.0523 1.0152 1.0000 1.0000 1.0000 1.0000 1.0000
   2026 1.0000 1.0000 1.0000 1.0000 1.0000 1.0000 1.0000 1.0000 1.0000 1.0000 1.0000 1.0000
        1.0000 1.0000 1.0000 1.0000 1.0000 1.0000 1.0000 1.0000 1.0000 1.0000 1.0000 1.0000
        1.0000 1.0000 1.0000 1.0000 1.0000 1.0000 1.0000 1.0000 1.0000 1.0000 1.0000 1.0000
   2027 1.0000 1.0000 1.0000 1.0000 1.0000 1.0000 1.0000 1.0000 1.0000 1.0000 1.0000 1.0000
        1.0000 1.0000 1.0000 1.0000 1.0000 1.0000 1.0000 1.0000 1.0000 1.0000 1.0000 1.0000
        1.0000 1.0000 1.0000 1.0000 1.0000 1.0000 1.0000 1.0000 1.0000 1.0000 1.0000 1.0000
   2028 1.0000 1.0000 1.0000 1.0000 1.0000 1.0000 1.0000 1.0000 1.0000 1.0000 1.0000 1.0000
        1.0000 1.0000 1.0000 1.0000 1.0000 1.0000 1.0000 1.0000 1.0000 1.0000 1.0000 1.0000
        1.0000 1.0000 1.0000 1.0000 1.0000 1.0000 1.0000 1.0000 1.0000 1.0000 1.0000 1.0000
   2029 1.0000 1.0000 1.0000 1.0000 1.0000 1.0000 1.0000 1.0000 1.0000 1.0000 1.0000 1.0000
        1.0000 1.0000 1.0000 1.0000 1.0000 1.0000 1.0000 1.0000 1.0000 1.0000 1.0000 1.0000
        1.0000 1.0000 1.0000 1.0000 1.0000 1.0000 1.0000 1.0000 1.0000 1.0000 1.0000 1.0000
  11   3
   2025 1.0000 1.0000 1.0000 1.0000 1.0000 1.0000 1.0000 1.0000 1.0000 1.0000 1.0000 1.0000
        1.0000 1.0000 1.0000 1.0000 1.0000 1.0000 1.0000 1.0000 1.0000 1.0000 1.0000 1.0000
        1.0000 1.0000 1.0000 1.0000 1.0000 1.0000 1.0000 1.0000 1.0000 1.0000 1.0000 1.0000
   2026 1.0000 1.0000 1.0000 1.0000 1.0000 1.0000 1.0000 1.0000 1.0000 1.0000 1.0000 1.0000
        1.0000 1.0000 1.0000 1.0000 1.0000 1.0000 1.0000 1.0000 1.0000 1.0000 1.0000 1.0000
        1.0000 1.0000 1.0000 1.0000 1.0000 1.0000 1.0000 1.0000 1.0000 1.0000 1.0000 1.0000
   2027 1.0000 1.0000 1.0000 1.0000 1.0000 1.0000 1.0000 1.0000 1.0000 1.0000 1.0000 1.0000
        1.0000 1.0000 1.0000 1.0000 1.0000 1.0000 1.0000 1.0000 1.0000 1.0000 1.0000 1.0000
        1.0000 1.0000 1.0000 1.0000 1.0000 1.0000 1.0000 1.0000 1.0000 1.0000 1.0000 1.0000
   2028 1.0000 1.0000 1.0000 1.0000 1.0000 1.0000 1.0000 1.0000 1.0000 1.0000 1.0000 1.0000
        1.0000 1.0000 1.0000 1.0000 1.0000 1.0000 1.0000 1.0000 1.0000 1.0000 1.0000 1.0000
        1.0000 1.0000 1.0000 1.0000 1.0000 1.0000 1.0000 1.0000 1.0000 1.0000 1.0000 1.0000
   2029 1.0000 1.0000 1.0000 1.0000 1.0000 1.0000 1.0000 1.0000 1.0000 1.0000 1.0000 1.0000
        1.0000 1.0000 1.0000 1.0000 1.0000 1.0000 1.0000 1.0000 1.0000 1.0000 1.0000 1.0000
        1.0000 1.0000 1.0000 1.0000 1.0000 1.0000 1.0000 1.0000 1.0000 1.0000 1.0000 1.0000
   4  11
   2025 1.0000 1.0000 1.0000 1.0000 1.0000 1.0000 1.0000 1.0000 1.0000 1.0000 1.0000 1.0000
        1.0000 1.0000 1.0000 1.0000 1.0000 1.0000 1.0000 1.0000 1.0000 1.0000 1.0000 1.0000
        1.0000 1.0000 1.0000 1.0000 1.0000 1.0000 1.0000 1.0000 1.0000 1.0000 1.0000 1.0000
   2026 1.0000 1.0000 1.0000 1.0000 1.0000 1.0000 1.0000 1.0000 1.0000 1.0000 1.0000 1.0000
        1.0000 1.0000 1.0000 1.0000 1.0000 1.0000 1.0000 1.0000 1.0000 1.0000 1.0000 1.0000
        1.0000 1.0000 1.0000 1.0000 1.0000 1.0000 1.0000 1.0000 1.0000 1.0000 1.0000 1.0000
   2027 1.0000 1.0000 1.0000 1.0000 1.0000 1.0000 1.0000 1.0000 1.0000 1.0000 1.0000 1.0000
        1.0000 1.0000 1.0000 1.0000 1.0000 1.0000 1.0000 1.0000 1.0000 1.0000 1.0000 1.0000
        1.0000 1.0000 1.0000 1.0000 1.0000 1.0000 1.0000 1.0000 1.0000 1.0000 1.0000 1.0000
   2028 1.0000 1.0000 1.0000 1.0000 1.0000 1.0000 1.0000 1.0000 1.0000 1.0000 1.0000 1.0000
        1.0000 1.0000 1.0000 1.0000 1.0000 1.0000 1.0000 1.0000 1.0000 1.0000 1.0000 1.0000
        1.0000 1.0000 1.0000 1.0000 1.0000 1.0000 1.0000 1.0000 1.0000 1.0000 1.0000 1.0000
   2029 1.0000 1.0000 1.0000 1.0000 1.0000 1.0000 1.0000 1.0000 1.0000 1.0000 1.0000 1.0000
        1.0000 1.0000 1.0000 1.0000 1.0000 1.0000 1.0000 1.0000 1.0000 1.0000 1.0000 1.0000
        1.0000 1.0000 1.0000 1.0000 1.0000 1.0000 1.0000 1.0000 1.0000 1.0000 1.0000 1.0000
  11   4
   2025 1.0000 1.0000 1.0000 1.0000 1.0000 1.0000 1.0000 1.0000 1.0000 1.0000 1.0000 1.0000
        1.0000 1.0000 1.0000 1.0000 1.0000 1.0000 1.0000 1.0000 1.0000 1.0000 1.0000 1.0000
        1.0000 1.0000 1.0000 1.0000 1.0000 1.0000 1.0000 1.0000 1.0000 1.0000 1.0000 1.0000
   2026 1.0000 1.0000 1.0000 1.0000 1.0000 1.0000 1.0000 1.0000 1.0000 1.0000 1.0000 1.0000
        1.0000 1.0000 1.0000 1.0000 1.0000 1.0000 1.0000 1.0000 1.0000 1.0000 1.0000 1.0000
        1.0000 1.0000 1.0000 1.0000 1.0000 1.0000 1.0000 1.0000 1.0000 1.0000 1.0000 1.0000
   2027 1.0000 1.0000 1.0000 1.0000 1.0000 1.0000 1.0000 1.0000 1.0000 1.0000 1.0000 1.0000
        1.0000 1.0000 1.0000 1.0000 1.0000 1.0000 1.0000 1.0000 1.0000 1.0000 1.0000 1.0000
        1.0000 1.0000 1.0000 1.0000 1.0000 1.0000 1.0000 1.0000 1.0000 1.0000 1.0000 1.0000
   2028 1.0000 1.0000 1.0000 1.0000 1.0000 1.0000 1.0000 1.0000 1.0000 1.0000 1.0000 1.0000
        1.0000 1.0000 1.0000 1.0000 1.0000 1.0000 1.0000 1.0000 1.0000 1.0000 1.0000 1.0000
        1.0000 1.0000 1.0000 1.0000 1.0000 1.0000 1.0000 1.0000 1.0000 1.0000 1.0000 1.0000
   2029 1.0000 1.0000 1.0000 1.0000 1.0000 1.0000 1.0000 1.0000 1.0000 1.0000 1.0000 1.0000
        1.0000 1.0000 1.0000 1.0000 1.0000 1.0000 1.0000 1.0000 1.0000 1.0000 1.0000 1.0000
        1.0000 1.0000 1.0000 1.0000 1.0000 1.0000 1.0000 1.0000 1.0000 1.0000 1.0000 1.0000
   1   3
   2025 1.0000 1.0000 1.0000 1.0000 1.0000 1.0000 1.0000 1.0000 1.0000 1.0000 1.0000 1.0000
        1.0000 1.0000 1.0000 1.0000 1.0000 1.0000 1.0000 1.0000 1.0000 1.0000 1.0000 1.0000
        1.0000 1.0000 1.0000 1.0000 1.0000 1.0000 1.0000 1.0000 1.0000 1.0000 1.0000 1.0000
   2026 1.0000 1.0000 1.0000 1.0000 1.0000 1.0000 1.0000 1.0000 1.0000 1.0000 1.0000 1.0000
        1.0000 1.0000 1.0000 1.0000 1.0000 1.0000 1.0000 1.0000 1.0000 1.0000 1.0000 1.0000
        1.0000 1.0000 1.0000 1.0000 1.0000 1.0000 1.0000 1.0000 1.0000 1.0000 1.0000 1.0000
   2027 1.0000 1.0000 1.0000 1.0000 1.0000 1.0000 1.0000 1.0000 1.0000 1.0000 1.0000 1.0000
        1.0000 1.0000 1.0000 1.0000 1.0000 1.0000 1.0000 1.0000 1.0000 1.0000 1.0000 1.0000
        1.0000 1.0000 1.0000 1.0000 1.0000 1.0000 1.0000 1.0000 1.0000 1.0000 1.0000 1.0000
   2028 1.0000 1.0000 1.0000 1.0000 1.0000 1.0000 1.0000 1.0000 1.0000 1.0000 1.0000 1.0000
        1.0000 1.0000 1.0000 1.0000 1.0000 1.0000 1.0000 1.0000 1.0000 1.0000 1.0000 1.0000
        1.0000 1.0000 1.0000 1.0000 1.0000 1.0000 1.0000 1.0000 1.0000 1.0000 1.0000 1.0000
   2029 1.0000 1.0000 1.0000 1.0000 1.0000 1.0000 1.0000 1.0000 1.0000 1.0000 1.0000 1.0000
        1.0000 1.0000 1.0000 1.0000 1.0000 1.0000 1.0000 1.0000 1.0000 1.0000 1.0000 1.0000
        1.0000 1.0000 1.0000 1.0000 1.0000 1.0000 1.0000 1.0000 1.0000 1.0000 1.0000 1.0000
   3   1
   2025 1.0000 1.0000 1.0000 1.0000 1.0000 0.8460 0.7018 1.0135 1.0137 1.0138 1.0123 1.0125
        1.0000 1.0000 1.0000 1.0000 1.0000 0.6887 1.0424 0.9777 0.9779 0.9780 0.9766 0.9768
        1.0000 1.0000 1.0000 1.0000 1.0000 1.2841 1.0652 1.0135 1.0137 1.0138 1.0123 1.0125
   2026 1.0235 1.0235 1.0237 1.0254 1.0250 1.0259 1.0267 1.0255 1.0337 1.0335 1.0376 1.0383
        0.9560 0.9560 0.9562 0.9577 0.9574 0.9583 0.9590 0.9579 0.9448 0.9446 0.9284 0.9290
        1.0235 1.0235 1.0237 1.0254 1.0250 1.0259 1.0267 1.0255 1.0337 1.0335 1.0376 1.0383
   2027 1.0377 1.0380 1.0383 1.0416 1.0405 1.0430 1.0423 1.0423 1.0416 1.0483 1.0449 1.0457
        0.9285 0.9288 0.9290 0.9319 0.9310 0.9332 0.9326 0.9326 0.9319 0.9186 0.9156 0.9164
        1.0377 1.0380 1.0383 1.0416 1.0405 1.0430 1.0423 1.0423 1.0416 1.0483 1.0449 1.0457
   2028 1.0450 1.0451 1.0457 1.0475 1.0501 1.0498 1.0490 1.0512 1.0486 1.0598 1.0545 1.0546
        0.9157 0.9158 0.9164 0.9179 0.9202 0.9199 0.9192 0.9212 0.9189 0.9008 0.8963 0.8964
        1.0450 1.0451 1.0457 1.0475 1.0501 1.0498 1.0490 1.0512 1.0486 1.0598 1.0545 1.0546
   2029 1.0555 1.0551 1.0551 1.0620 1.0617 1.0627 1.0631 1.0645 1.0605 1.0622 1.0559 1.0561
        0.8972 0.8968 0.8968 0.8986 0.8984 0.8992 0.8995 0.9007 0.8973 0.8988 0.8935 0.8936
        1.0555 1.0551 1.0551 1.0620 1.0617 1.0627 1.0631 1.0645 1.0605 1.0622 1.0559 1.0561
   1   4
   2025 1.0000 1.0000 1.0000 1.0000 1.0000 1.0000 1.0000 1.0000 1.0000 1.0000 1.0000 1.0000
        1.0000 1.0000 1.0000 1.0000 1.0000 1.0000 1.0000 1.0000 1.0000 1.0000 1.0000 1.0000
        1.0000 1.0000 1.0000 1.0000 1.0000 1.0000 1.0000 1.0000 1.0000 1.0000 1.0000 1.0000
   2026 1.0000 1.0000 1.0000 1.0000 1.0000 1.0000 1.0000 1.0000 1.0000 1.0000 1.0000 1.0000
        1.0000 1.0000 1.0000 1.0000 1.0000 1.0000 1.0000 1.0000 1.0000 1.0000 1.0000 1.0000
        1.0000 1.0000 1.0000 1.0000 1.0000 1.0000 1.0000 1.0000 1.0000 1.0000 1.0000 1.0000
   2027 1.0000 1.0000 1.0000 1.0000 1.0000 1.0000 1.0000 1.0000 1.0000 1.0000 1.0000 1.0000
        1.0000 1.0000 1.0000 1.0000 1.0000 1.0000 1.0000 1.0000 1.0000 1.0000 1.0000 1.0000
        1.0000 1.0000 1.0000 1.0000 1.0000 1.0000 1.0000 1.0000 1.0000 1.0000 1.0000 1.0000
   2028 1.0000 1.0000 1.0000 1.0000 1.0000 1.0000 1.0000 1.0000 1.0000 1.0000 1.0000 1.0000
        1.0000 1.0000 1.0000 1.0000 1.0000 1.0000 1.0000 1.0000 1.0000 1.0000 1.0000 1.0000
        1.0000 1.0000 1.0000 1.0000 1.0000 1.0000 1.0000 1.0000 1.0000 1.0000 1.0000 1.0000
   2029 1.0000 1.0000 1.0000 1.0000 1.0000 1.0000 1.0000 1.0000 1.0000 1.0000 1.0000 1.0000
        1.0000 1.0000 1.0000 1.0000 1.0000 1.0000 1.0000 1.0000 1.0000 1.0000 1.0000 1.0000
        1.0000 1.0000 1.0000 1.0000 1.0000 1.0000 1.0000 1.0000 1.0000 1.0000 1.0000 1.0000
   4   1
   2025 1.0000 1.0000 1.0000 1.0000 1.0000 1.5401 1.9346 1.0000 1.0000 1.0000 1.0000 1.0000
        1.0000 1.0000 1.0000 1.0000 1.0000 1.3476 0.8291 1.0000 1.0000 1.0000 1.0000 1.0000
        1.0000 1.0000 1.0000 1.0000 1.0000 0.5775 0.8291 1.0000 1.0000 1.0000 1.0000 1.0000
   2026 1.0000 1.0000 1.0000 1.0000 1.0000 1.0000 1.0000 1.0000 1.0000 1.0000 1.0000 1.0000
        1.0000 1.0000 1.0000 1.0000 1.0000 1.0000 1.0000 1.0000 1.0000 1.0000 1.0000 1.0000
        1.0000 1.0000 1.0000 1.0000 1.0000 1.0000 1.0000 1.0000 1.0000 1.0000 1.0000 1.0000
   2027 1.0000 1.0000 1.0000 1.0000 1.0000 1.0000 1.0000 1.0000 1.0000 1.0000 1.0000 1.0000
        1.0000 1.0000 1.0000 1.0000 1.0000 1.0000 1.0000 1.0000 1.0000 1.0000 1.0000 1.0000
        1.0000 1.0000 1.0000 1.0000 1.0000 1.0000 1.0000 1.0000 1.0000 1.0000 1.0000 1.0000
   2028 1.0000 1.0000 1.0000 1.0000 1.0000 1.0000 1.0000 1.0000 1.0000 1.0000 1.0000 1.0000
        1.0000 1.0000 1.0000 1.0000 1.0000 1.0000 1.0000 1.0000 1.0000 1.0000 1.0000 1.0000
        1.0000 1.0000 1.0000 1.0000 1.0000 1.0000 1.0000 1.0000 1.0000 1.0000 1.0000 1.0000
   2029 1.0000 1.0000 1.0000 1.0000 1.0000 1.0000 1.0000 1.0000 1.0000 1.0000 1.0000 1.0000
        1.0000 1.0000 1.0000 1.0000 1.0000 1.0000 1.0000 1.0000 1.0000 1.0000 1.0000 1.0000
        1.0000 1.0000 1.0000 1.0000 1.0000 1.0000 1.0000 1.0000 1.0000 1.0000 1.0000 1.0000
9999
 SBM  BLOCO
 XXX XXX
    ANO                 BLOCO DE USINAS NAO SIMULADAS (P.U. MONTANTE MED.)
   XXXX X.XXXX X.XXXX X.XXXX X.XXXX X.XXXX X.XXXX X.XXXX X.XXXX X.XXXX X.XXXX X.XXXX X.XXXX
   1  1
   2025 1.0000 1.0000 1.0000 1.0000 1.0000 1.0245 1.0346 1.0396 1.0261 1.0258 1.0073 1.0122
        1.0000 1.0000 1.0000 1.0000 1.0000 1.0002 1.0008 1.0016 0.9986 0.9989 0.9947 0.9967
        1.0000 1.0000 1.0000 1.0000 1.0000 0.9928 0.9874 0.9871 0.9874 0.9871 1.0006 0.9959
   2026 1.0077 0.9999 1.0025 1.0010 1.0155 1.0242 1.0345 1.0396 1.0266 1.0266 1.0073 1.0122
        0.9976 0.9968 0.9965 0.9976 0.9990 0.9999 1.0009 1.0016 0.9991 0.9998 0.9948 0.9967
        0.9979 1.0027 1.0015 1.0016 0.9965 0.9926 0.9874 0.9871 0.9878 0.9878 1.0006 0.9959
   2027 1.0078 1.0000 1.0026 1.0010 1.0155 1.0239 1.0349 1.0391 1.0266 1.0271 1.0073 1.0121
        0.9978 0.9968 0.9965 0.9977 0.9990 0.9997 1.0014 1.0012 0.9991 1.0003 0.9948 0.9965
        0.9979 1.0026 1.0015 1.0016 0.9965 0.9923 0.9878 0.9866 0.9878 0.9882 1.0004 0.9956
   2028 1.0078 1.0000 1.0026 1.0010 1.0152 1.0241 1.0353 1.0386 1.0270 1.0266 1.0074 1.0126
        0.9977 0.9968 0.9966 0.9976 0.9988 1.0000 1.0019 1.0008 0.9996 0.9999 0.9948 0.9971
        0.9978 1.0026 1.0014 1.0015 0.9962 0.9925 0.9882 0.9861 0.9881 0.9878 1.0005 0.9961
   2029 1.0077 1.0000 1.0026 1.0011 1.0154 1.0241 1.0348 1.0385 1.0275 1.0262 1.0074 1.0126
        0.9976 0.9968 0.9966 0.9977 0.9989 1.0000 1.0015 1.0008 1.0000 0.9995 0.9948 0.9971
        0.9976 1.0026 1.0014 1.0016 0.9963 0.9925 0.9878 0.9861 0.9886 0.9874 1.0005 0.9961
   1  2
   2025 1.0000 1.0000 1.0000 1.0000 1.0000 0.9979 0.9917 0.9941 0.9745 0.9912 0.9952 1.0017
        1.0000 1.0000 1.0000 1.0000 1.0000 0.9917 0.9892 0.9888 0.9918 0.9980 0.9975 0.9957
        1.0000 1.0000 1.0000 1.0000 1.0000 1.0070 1.0123 1.0105 1.0214 1.0067 1.0042 1.0027
   2026 0.9827 0.9848 1.0040 0.9988 0.9978 0.9981 0.9917 0.9941 0.9740 0.9908 0.9952 1.0017
        0.9964 0.9969 0.9986 0.9988 0.9897 0.9919 0.9892 0.9888 0.9912 0.9976 0.9975 0.9957
        1.0121 1.0106 0.9989 1.0016 1.0083 1.0072 1.0123 1.0105 1.0208 1.0064 1.0042 1.0027
   2027 0.9825 0.9849 1.0040 0.9988 0.9978 0.9983 0.9914 0.9944 0.9740 0.9906 0.9953 1.0017
        0.9960 0.9968 0.9986 0.9988 0.9896 0.9921 0.9888 0.9890 0.9912 0.9974 0.9976 0.9957
        1.0117 1.0106 0.9989 1.0017 1.0083 1.0074 1.0120 1.0108 1.0208 1.0062 1.0044 1.0027
   2028 0.9829 0.9851 1.0039 0.9987 0.9982 0.9981 0.9911 0.9947 0.9734 0.9908 0.9952 1.0017
        0.9963 0.9969 0.9985 0.9987 0.9901 0.9919 0.9885 0.9893 0.9906 0.9976 0.9975 0.9956
        1.0121 1.0107 0.9989 1.0016 1.0088 1.0072 1.0116 1.0111 1.0202 1.0064 1.0042 1.0027
   2029 0.9832 0.9850 1.0040 0.9988 0.9980 0.9981 0.9914 0.9947 0.9729 0.9910 0.9952 1.0017
        0.9967 0.9968 0.9986 0.9988 0.9899 0.9919 0.9888 0.9893 0.9900 0.9978 0.9975 0.9956
        1.0124 1.0106 0.9990 1.0017 1.0085 1.0072 1.0120 1.0111 1.0196 1.0066 1.0042 1.0027
   1  3
   2025 1.0000 1.0000 1.0000 1.0000 1.0000 1.5328 1.5762 1.4051 1.2867 1.3238 1.4265 1.2757
        1.0000 1.0000 1.0000 1.0000 1.0000 1.0602 1.0701 1.0721 1.0109 1.0193 1.0385 1.0868
        1.0000 1.0000 1.0000 1.0000 1.0000 0.8013 0.7416 0.8246 0.8374 0.8059 0.7676 0.7681
   2026 1.4122 1.2924 1.3700 1.4520 1.5363 1.5219 1.5762 1.4051 1.2932 1.3392 1.4265 1.2757
        1.0241 1.0184 1.0136 1.0070 1.1078 1.0526 1.0701 1.0721 1.0160 1.0311 1.0385 1.0868
        0.7619 0.8295 0.7762 0.7899 0.7743 0.7956 0.7416 0.8246 0.8417 0.8153 0.7676 0.7681
   2027 1.4231 1.2924 1.3700 1.4413 1.5363 1.5109 1.5894 1.3969 1.2932 1.3470 1.4151 1.2677
        1.0320 1.0184 1.0136 0.9996 1.1078 1.0451 1.0791 1.0658 1.0160 1.0371 1.0302 1.0800
        0.7677 0.8295 0.7762 0.7841 0.7743 0.7899 0.7478 0.8198 0.8417 0.8200 0.7614 0.7633
   2028 1.4122 1.2900 1.3605 1.4736 1.5126 1.5219 1.6027 1.3887 1.3000 1.3392 1.4265 1.2920
        1.0241 1.0165 1.0066 1.0219 1.0908 1.0526 1.0882 1.0596 1.0213 1.0311 1.0385 1.1007
        0.7619 0.8279 0.7709 0.8016 0.7624 0.7956 0.7541 0.8150 0.8460 0.8153 0.7676 0.7779
   2029 1.4014 1.2924 1.3798 1.4413 1.5244 1.5219 1.5894 1.3887 1.3067 1.3315 1.4265 1.2920
        1.0163 1.0184 1.0208 0.9996 1.0993 1.0526 1.0791 1.0596 1.0266 1.0251 1.0385 1.1007
        0.7560 0.8295 0.7818 0.7841 0.7683 0.7956 0.7478 0.8150 0.8504 0.8105 0.7676 0.7779
   1  4
   2025 1.0000 1.0000 1.0000 1.0000 1.0000 0.0203 0.0354 0.0511 0.5969 0.5317 0.5602 0.6179
        1.0000 1.0000 1.0000 1.0000 1.0000 1.8633 1.8894 1.8535 1.4479 1.5013 1.4157 1.4926
        1.0000 1.0000 1.0000 1.0000 1.0000 0.6140 0.5546 0.6083 0.7878 0.7711 0.8868 0.8003
   2026 0.5471 0.5729 0.5396 0.5212 0.0224 0.0205 0.0358 0.0514 0.5953 0.5308 0.5576 0.6151
        1.4727 1.4598 1.4803 1.4265 1.7841 1.8486 1.8859 1.8515 1.4483 1.5017 1.4143 1.4911
        0.8538 0.8509 0.8556 0.8447 0.6807 0.6126 0.5576 0.6098 0.7903 0.7745 0.8891 0.8032
   2027 0.5467 0.5728 0.5390 0.5211 0.0225 0.0205 0.0362 0.0511 0.5946 0.5310 0.5587 0.6150
        1.4694 1.4595 1.4799 1.4268 1.7830 1.8356 1.8976 1.8392 1.4480 1.5026 1.4173 1.4913
        0.8529 0.8511 0.8563 0.8462 0.6814 0.6101 0.5629 0.6065 0.7909 0.7751 0.8912 0.8035
   2028 0.5476 0.5731 0.5398 0.5199 0.0223 0.0206 0.0365 0.0508 0.5946 0.5302 0.5566 0.6137
        1.4717 1.4602 1.4824 1.4236 1.7671 1.8470 1.9115 1.8280 1.4491 1.5012 1.4137 1.4900
        0.8544 0.8515 0.8578 0.8444 0.6753 0.6138 0.5671 0.6029 0.7919 0.7752 0.8900 0.8039
   2029 0.5487 0.5728 0.5377 0.5209 0.0225 0.0207 0.0363 0.0509 0.5950 0.5299 0.5566 0.6137
        1.4739 1.4594 1.4772 1.4265 1.7744 1.8460 1.8965 1.8276 1.4502 1.5002 1.4137 1.4900
        0.8559 0.8512 0.8551 0.8466 0.6788 0.6146 0.5638 0.6033 0.7927 0.7747 0.8900 0.8039
   1  5
   2025 1.0000 1.0000 1.0000 1.0000 1.0000 1.0000 1.0000 1.0000 1.0000 1.0000 1.0000 1.0000
        1.0000 1.0000 1.0000 1.0000 1.0000 1.0000 1.0000 1.0000 1.0000 1.0000 1.0000 1.0000
        1.0000 1.0000 1.0000 1.0000 1.0000 1.0000 1.0000 1.0000 1.0000 1.0000 1.0000 1.0000
   2026 1.0000 1.0000 1.0000 1.0000 1.0000 1.0000 1.0000 1.0000 1.0000 1.0000 1.0000 1.0000
        1.0000 1.0000 1.0000 1.0000 1.0000 1.0000 1.0000 1.0000 1.0000 1.0000 1.0000 1.0000
        1.0000 1.0000 1.0000 1.0000 1.0000 1.0000 1.0000 1.0000 1.0000 1.0000 1.0000 1.0000
   2027 1.0000 1.0000 1.0000 1.0000 1.0000 1.0000 1.0000 1.0000 1.0000 1.0000 1.0000 1.0000
        1.0000 1.0000 1.0000 1.0000 1.0000 1.0000 1.0000 1.0000 1.0000 1.0000 1.0000 1.0000
        1.0000 1.0000 1.0000 1.0000 1.0000 1.0000 1.0000 1.0000 1.0000 1.0000 1.0000 1.0000
   2028 1.0000 1.0000 1.0000 1.0000 1.0000 1.0000 1.0000 1.0000 1.0000 1.0000 1.0000 1.0000
        1.0000 1.0000 1.0000 1.0000 1.0000 1.0000 1.0000 1.0000 1.0000 1.0000 1.0000 1.0000
        1.0000 1.0000 1.0000 1.0000 1.0000 1.0000 1.0000 1.0000 1.0000 1.0000 1.0000 1.0000
   2029 1.0000 1.0000 1.0000 1.0000 1.0000 1.0000 1.0000 1.0000 1.0000 1.0000 1.0000 1.0000
        1.0000 1.0000 1.0000 1.0000 1.0000 1.0000 1.0000 1.0000 1.0000 1.0000 1.0000 1.0000
        1.0000 1.0000 1.0000 1.0000 1.0000 1.0000 1.0000 1.0000 1.0000 1.0000 1.0000 1.0000
   1  6
   2025 1.0000 1.0000 1.0000 1.0000 1.0000 1.0000 1.0000 1.0000 1.0000 1.0000 1.0000 1.0000
        1.0000 1.0000 1.0000 1.0000 1.0000 1.0000 1.0000 1.0000 1.0000 1.0000 1.0000 1.0000
        1.0000 1.0000 1.0000 1.0000 1.0000 1.0000 1.0000 1.0000 1.0000 1.0000 1.0000 1.0000
   2026 1.0000 1.0000 1.0000 1.0000 1.0000 1.0000 1.0000 1.0000 1.0000 1.0000 1.0000 1.0000
        1.0000 1.0000 1.0000 1.0000 1.0000 1.0000 1.0000 1.0000 1.0000 1.0000 1.0000 1.0000
        1.0000 1.0000 1.0000 1.0000 1.0000 1.0000 1.0000 1.0000 1.0000 1.0000 1.0000 1.0000
   2027 1.0000 1.0000 1.0000 1.0000 1.0000 1.0000 1.0000 1.0000 1.0000 1.0000 1.0000 1.0000
        1.0000 1.0000 1.0000 1.0000 1.0000 1.0000 1.0000 1.0000 1.0000 1.0000 1.0000 1.0000
        1.0000 1.0000 1.0000 1.0000 1.0000 1.0000 1.0000 1.0000 1.0000 1.0000 1.0000 1.0000
   2028 1.0000 1.0000 1.0000 1.0000 1.0000 1.0000 1.0000 1.0000 1.0000 1.0000 1.0000 1.0000
        1.0000 1.0000 1.0000 1.0000 1.0000 1.0000 1.0000 1.0000 1.0000 1.0000 1.0000 1.0000
        1.0000 1.0000 1.0000 1.0000 1.0000 1.0000 1.0000 1.0000 1.0000 1.0000 1.0000 1.0000
   2029 1.0000 1.0000 1.0000 1.0000 1.0000 1.0000 1.0000 1.0000 1.0000 1.0000 1.0000 1.0000
        1.0000 1.0000 1.0000 1.0000 1.0000 1.0000 1.0000 1.0000 1.0000 1.0000 1.0000 1.0000
        1.0000 1.0000 1.0000 1.0000 1.0000 1.0000 1.0000 1.0000 1.0000 1.0000 1.0000 1.0000
   1  7
   2025 1.0000 1.0000 1.0000 1.0000 1.0000 1.0000 1.0000 1.0000 1.0000 1.0000 1.0000 1.0000
        1.0000 1.0000 1.0000 1.0000 1.0000 1.0000 1.0000 1.0000 1.0000 1.0000 1.0000 1.0000
        1.0000 1.0000 1.0000 1.0000 1.0000 1.0000 1.0000 1.0000 1.0000 1.0000 1.0000 1.0000
   2026 1.0000 1.0000 1.0000 1.0000 1.0000 1.0000 1.0000 1.0000 1.0000 1.0000 1.0000 1.0000
        1.0000 1.0000 1.0000 1.0000 1.0000 1.0000 1.0000 1.0000 1.0000 1.0000 1.0000 1.0000
        1.0000 1.0000 1.0000 1.0000 1.0000 1.0000 1.0000 1.0000 1.0000 1.0000 1.0000 1.0000
   2027 1.0000 1.0000 1.0000 1.0000 1.0000 1.0000 1.0000 1.0000 1.0000 1.0000 1.0000 1.0000
        1.0000 1.0000 1.0000 1.0000 1.0000 1.0000 1.0000 1.0000 1.0000 1.0000 1.0000 1.0000
        1.0000 1.0000 1.0000 1.0000 1.0000 1.0000 1.0000 1.0000 1.0000 1.0000 1.0000 1.0000
   2028 1.0000 1.0000 1.0000 1.0000 1.0000 1.0000 1.0000 1.0000 1.0000 1.0000 1.0000 1.0000
        1.0000 1.0000 1.0000 1.0000 1.0000 1.0000 1.0000 1.0000 1.0000 1.0000 1.0000 1.0000
        1.0000 1.0000 1.0000 1.0000 1.0000 1.0000 1.0000 1.0000 1.0000 1.0000 1.0000 1.0000
   2029 1.0000 1.0000 1.0000 1.0000 1.0000 1.0000 1.0000 1.0000 1.0000 1.0000 1.0000 1.0000
        1.0000 1.0000 1.0000 1.0000 1.0000 1.0000 1.0000 1.0000 1.0000 1.0000 1.0000 1.0000
        1.0000 1.0000 1.0000 1.0000 1.0000 1.0000 1.0000 1.0000 1.0000 1.0000 1.0000 1.0000
   1  8
   2025 1.0000 1.0000 1.0000 1.0000 1.0000 0.0323 0.0370 0.0511 0.4814 0.4689 0.4116 0.4488
        1.0000 1.0000 1.0000 1.0000 1.0000 1.7081 1.8162 1.7183 1.5752 1.5650 1.4762 1.6010
        1.0000 1.0000 1.0000 1.0000 1.0000 0.7302 0.6179 0.7145 0.7281 0.7439 0.9105 0.8051
   2026 0.4489 0.4371 0.4028 0.4420 0.0379 0.0323 0.0370 0.0511 0.4817 0.4685 0.4116 0.4488
        1.5343 1.5677 1.6593 1.4729 1.6819 1.7550 1.8162 1.7183 1.5226 1.4622 1.4762 1.6010
        0.8555 0.8347 0.7819 0.8401 0.7526 0.6850 0.6179 0.7145 0.7784 0.8382 0.9105 0.8051
   2027 0.4487 0.4371 0.4028 0.4424 0.0379 0.0324 0.0370 0.0511 0.4817 0.4684 0.4115 0.4488
        1.4723 1.5677 1.6593 1.5296 1.6819 1.8000 1.7744 1.7607 1.5226 1.4092 1.5409 1.6603
        0.8986 0.8347 0.7819 0.7913 0.7526 0.6367 0.6646 0.6714 0.7784 0.8810 0.8676 0.7568
   2028 0.4489 0.4371 0.4027 0.4412 0.0379 0.0323 0.0370 0.0511 0.4820 0.4685 0.4116 0.4489
        1.5343 1.5890 1.7212 1.3561 1.7713 1.7550 1.7312 1.8017 1.4688 1.4622 1.4762 1.4794
        0.8555 0.8190 0.7314 0.9284 0.6669 0.6850 0.7085 0.6257 0.8256 0.8382 0.9105 0.8930
   2029 0.4492 0.4371 0.4028 0.4424 0.0379 0.0323 0.0370 0.0511 0.4823 0.4687 0.4116 0.4489
        1.5955 1.5677 1.5963 1.5296 1.7275 1.7550 1.7744 1.8017 1.4138 1.5141 1.4762 1.4794
        0.8095 0.8347 0.8293 0.7913 0.7111 0.6850 0.6646 0.6257 0.8700 0.7926 0.9105 0.8930
   2  1
   2025 1.0000 1.0000 1.0000 1.0000 1.0000 1.0247 1.0287 1.0166 1.0156 1.0051 1.0166 1.0149
        1.0000 1.0000 1.0000 1.0000 1.0000 0.9959 0.9932 0.9819 0.9979 0.9919 0.9943 0.9957
        1.0000 1.0000 1.0000 1.0000 1.0000 0.9961 0.9961 1.0093 0.9937 1.0050 0.9966 0.9950
   2026 1.0277 1.0232 1.0161 1.0316 1.0260 1.0249 1.0289 1.0168 1.0163 1.0056 1.0168 1.0153
        0.9947 0.9944 0.9902 0.9999 0.9929 0.9960 0.9934 0.9824 0.9982 0.9921 0.9946 0.9961
        0.9897 0.9923 0.9991 0.9858 0.9982 0.9956 0.9959 1.0089 0.9936 1.0044 0.9962 0.9946
   2027 1.0281 1.0233 1.0163 1.0311 1.0262 1.0248 1.0292 1.0170 1.0164 1.0056 1.0167 1.0152
        0.9953 0.9945 0.9905 0.9995 0.9932 0.9958 0.9937 0.9827 0.9982 0.9921 0.9944 0.9960
        0.9899 0.9921 0.9987 0.9852 0.9980 0.9953 0.9960 1.0089 0.9935 1.0043 0.9959 0.9941
   2028 1.0277 1.0233 1.0163 1.0327 1.0261 1.0252 1.0295 1.0172 1.0169 1.0058 1.0169 1.0160
        0.9950 0.9946 0.9905 1.0011 0.9930 0.9961 0.9939 0.9830 0.9985 0.9922 0.9947 0.9967
        0.9894 0.9918 0.9983 0.9867 0.9975 0.9954 0.9961 1.0089 0.9937 1.0042 0.9961 0.9948
   2029 1.0273 1.0234 1.0167 1.0311 1.0263 1.0252 1.0293 1.0172 1.0172 1.0059 1.0169 1.0160
        0.9946 0.9947 0.9908 0.9996 0.9932 0.9961 0.9937 0.9830 0.9988 0.9923 0.9947 0.9967
        0.9889 0.9919 0.9987 0.9851 0.9977 0.9954 0.9959 1.0089 0.9939 1.0042 0.9961 0.9948
   2  2
   2025 1.0000 1.0000 1.0000 1.0000 1.0000 1.0076 0.9985 1.0135 0.9922 0.9920 0.9889 0.9875
        1.0000 1.0000 1.0000 1.0000 1.0000 1.0013 0.9901 0.9964 0.9957 1.0005 0.9995 0.9946
        1.0000 1.0000 1.0000 1.0000 1.0000 0.9968 1.0091 0.9988 1.0082 1.0039 1.0057 1.0118
   2026 0.9919 0.9859 0.9945 0.9760 1.0025 1.0075 0.9985 1.0135 0.9920 0.9917 0.9890 0.9875
        0.9980 0.9946 0.9988 0.9961 0.9903 1.0010 0.9900 0.9963 0.9954 1.0001 0.9994 0.9945
        1.0059 1.0119 1.0041 1.0143 1.0065 0.9969 1.0093 0.9990 1.0081 1.0038 1.0057 1.0119
   2027 0.9916 0.9859 0.9945 0.9764 1.0025 1.0074 0.9983 1.0134 0.9920 0.9916 0.9892 0.9878
        0.9978 0.9945 0.9988 0.9966 0.9903 1.0009 0.9897 0.9962 0.9954 0.9999 0.9996 0.9948
        1.0058 1.0120 1.0041 1.0147 1.0065 0.9968 1.0090 0.9989 1.0081 1.0036 1.0059 1.0122
   2028 0.9918 0.9860 0.9946 0.9751 1.0028 1.0075 0.9980 1.0134 0.9918 0.9917 0.9890 0.9869
        0.9979 0.9946 0.9989 0.9952 0.9907 1.0010 0.9895 0.9961 0.9952 1.0001 0.9994 0.9938
        1.0060 1.0121 1.0043 1.0133 1.0068 0.9969 1.0088 0.9988 1.0079 1.0038 1.0057 1.0112
   2029 0.9920 0.9859 0.9944 0.9764 1.0026 1.0075 0.9983 1.0134 0.9916 0.9919 0.9890 0.9869
        0.9981 0.9945 0.9987 0.9966 0.9905 1.0010 0.9897 0.9961 0.9950 1.0002 0.9994 0.9938
        1.0062 1.0120 1.0040 1.0147 1.0067 0.9969 1.0090 0.9988 1.0077 1.0039 1.0057 1.0112
   2  3
   2025 1.0000 1.0000 1.0000 1.0000 1.0000 1.0530 1.0626 1.0625 1.0639 1.0742 1.0549 1.1503
        1.0000 1.0000 1.0000 1.0000 1.0000 0.9452 0.9795 0.9312 1.0185 1.0057 1.0202 0.9830
        1.0000 1.0000 1.0000 1.0000 1.0000 1.0271 0.9964 1.0357 0.9485 0.9543 0.9583 0.9282
   2026 1.1723 1.1484 1.1797 1.0379 0.9856 1.0054 1.0624 1.0625 1.0654 1.0771 1.0549 1.1503
        0.9930 0.9864 0.9542 1.0446 0.9705 0.9484 0.9794 0.9312 1.0199 1.0084 1.0202 0.9830
        0.9144 0.9323 0.9359 0.9441 1.0259 1.0403 0.9966 1.0357 0.9498 0.9568 0.9583 0.9282
   2027 1.1758 1.1484 1.1797 1.0365 0.9856 1.0064 1.0628 1.0632 1.0654 1.0786 1.0535 1.1474
        0.9960 0.9864 0.9542 1.0432 0.9705 0.9493 0.9797 0.9319 1.0199 1.0097 1.0189 0.9806
        0.9171 0.9323 0.9359 0.9428 1.0259 1.0414 0.9969 1.0363 0.9498 0.9581 0.9571 0.9259
   2028 1.1723 1.1475 1.1765 1.0406 0.9870 1.0054 1.0631 1.0639 1.0669 1.0771 1.0549 1.1562
        0.9930 0.9855 0.9517 1.0474 0.9719 0.9484 0.9800 0.9325 1.0214 1.0084 1.0202 0.9880
        0.9144 0.9315 0.9334 0.9466 1.0274 1.0403 0.9972 1.0370 0.9512 0.9568 0.9583 0.9330
   2029 1.1688 1.1484 1.1828 1.0365 0.9863 1.0054 1.0628 1.0639 1.0684 1.0757 1.0549 1.1562
        0.9901 0.9864 0.9568 1.0432 0.9712 0.9484 0.9797 0.9325 1.0228 1.0070 1.0202 0.9880
        0.9117 0.9323 0.9384 0.9428 1.0266 1.0403 0.9969 1.0370 0.9525 0.9555 0.9583 0.9330
   2  4
   2025 1.0000 1.0000 1.0000 1.0000 1.0000 0.0273 0.0483 0.0695 0.4671 0.4165 0.3725 0.5143
        1.0000 1.0000 1.0000 1.0000 1.0000 1.5021 1.7688 1.6983 1.3496 1.2963 1.2424 1.4725
        1.0000 1.0000 1.0000 1.0000 1.0000 0.8906 0.6554 0.7248 0.9503 1.0310 1.1102 0.8768
   2026 0.5401 0.5372 0.4991 0.4639 0.0337 0.0274 0.0483 0.0695 0.4657 0.4126 0.3725 0.5143
        1.3831 1.3741 1.4097 1.3818 1.7649 1.5035 1.7688 1.6983 1.3455 1.2842 1.2424 1.4725
        0.9307 0.9399 0.9389 0.9095 0.6918 0.8913 0.6554 0.7248 0.9474 1.0214 1.1102 0.8768
   2027 0.5385 0.5372 0.4991 0.4650 0.0337 0.0274 0.0485 0.0693 0.4657 0.4107 0.3754 0.5155
        1.3790 1.3741 1.4097 1.3851 1.7649 1.5048 1.7773 1.6923 1.3455 1.2782 1.2522 1.4759
        0.9280 0.9399 0.9389 0.9117 0.6918 0.8921 0.6585 0.7223 0.9474 1.0167 1.1189 0.8788
   2028 0.5401 0.5378 0.5008 0.4617 0.0334 0.0274 0.0488 0.0690 0.4643 0.4126 0.3725 0.5120
        1.3831 1.3756 1.4145 1.3753 1.7499 1.5035 1.7862 1.6867 1.3414 1.2842 1.2424 1.4658
        0.9307 0.9409 0.9422 0.9052 0.6860 0.8913 0.6618 0.7199 0.9445 1.0214 1.1102 0.8728
   2029 0.5417 0.5372 0.4974 0.4650 0.0336 0.0274 0.0485 0.0690 0.4629 0.4145 0.3725 0.5120
        1.3873 1.3741 1.4048 1.3851 1.7574 1.5035 1.7773 1.6867 1.3374 1.2902 1.2424 1.4658
        0.9335 0.9399 0.9357 0.9117 0.6889 0.8913 0.6585 0.7199 0.9417 1.0262 1.1102 0.8728
   2  5
   2025 1.0000 1.0000 1.0000 1.0000 1.0000 1.0000 1.0000 1.0000 1.0000 1.0000 1.0000 1.0000
        1.0000 1.0000 1.0000 1.0000 1.0000 1.0000 1.0000 1.0000 1.0000 1.0000 1.0000 1.0000
        1.0000 1.0000 1.0000 1.0000 1.0000 1.0000 1.0000 1.0000 1.0000 1.0000 1.0000 1.0000
   2026 1.0000 1.0000 1.0000 1.0000 1.0000 1.0000 1.0000 1.0000 1.0000 1.0000 1.0000 1.0000
        1.0000 1.0000 1.0000 1.0000 1.0000 1.0000 1.0000 1.0000 1.0000 1.0000 1.0000 1.0000
        1.0000 1.0000 1.0000 1.0000 1.0000 1.0000 1.0000 1.0000 1.0000 1.0000 1.0000 1.0000
   2027 1.0000 1.0000 1.0000 1.0000 1.0000 1.0000 1.0000 1.0000 1.0000 1.0000 1.0000 1.0000
        1.0000 1.0000 1.0000 1.0000 1.0000 1.0000 1.0000 1.0000 1.0000 1.0000 1.0000 1.0000
        1.0000 1.0000 1.0000 1.0000 1.0000 1.0000 1.0000 1.0000 1.0000 1.0000 1.0000 1.0000
   2028 1.0000 1.0000 1.0000 1.0000 1.0000 1.0000 1.0000 1.0000 1.0000 1.0000 1.0000 1.0000
        1.0000 1.0000 1.0000 1.0000 1.0000 1.0000 1.0000 1.0000 1.0000 1.0000 1.0000 1.0000
        1.0000 1.0000 1.0000 1.0000 1.0000 1.0000 1.0000 1.0000 1.0000 1.0000 1.0000 1.0000
   2029 1.0000 1.0000 1.0000 1.0000 1.0000 1.0000 1.0000 1.0000 1.0000 1.0000 1.0000 1.0000
        1.0000 1.0000 1.0000 1.0000 1.0000 1.0000 1.0000 1.0000 1.0000 1.0000 1.0000 1.0000
        1.0000 1.0000 1.0000 1.0000 1.0000 1.0000 1.0000 1.0000 1.0000 1.0000 1.0000 1.0000
   2  6
   2025 1.0000 1.0000 1.0000 1.0000 1.0000 1.0000 1.0000 1.0000 1.0000 1.0000 1.0000 1.0000
        1.0000 1.0000 1.0000 1.0000 1.0000 1.0000 1.0000 1.0000 1.0000 1.0000 1.0000 1.0000
        1.0000 1.0000 1.0000 1.0000 1.0000 1.0000 1.0000 1.0000 1.0000 1.0000 1.0000 1.0000
   2026 1.0000 1.0000 1.0000 1.0000 1.0000 1.0000 1.0000 1.0000 1.0000 1.0000 1.0000 1.0000
        1.0000 1.0000 1.0000 1.0000 1.0000 1.0000 1.0000 1.0000 1.0000 1.0000 1.0000 1.0000
        1.0000 1.0000 1.0000 1.0000 1.0000 1.0000 1.0000 1.0000 1.0000 1.0000 1.0000 1.0000
   2027 1.0000 1.0000 1.0000 1.0000 1.0000 1.0000 1.0000 1.0000 1.0000 1.0000 1.0000 1.0000
        1.0000 1.0000 1.0000 1.0000 1.0000 1.0000 1.0000 1.0000 1.0000 1.0000 1.0000 1.0000
        1.0000 1.0000 1.0000 1.0000 1.0000 1.0000 1.0000 1.0000 1.0000 1.0000 1.0000 1.0000
   2028 1.0000 1.0000 1.0000 1.0000 1.0000 1.0000 1.0000 1.0000 1.0000 1.0000 1.0000 1.0000
        1.0000 1.0000 1.0000 1.0000 1.0000 1.0000 1.0000 1.0000 1.0000 1.0000 1.0000 1.0000
        1.0000 1.0000 1.0000 1.0000 1.0000 1.0000 1.0000 1.0000 1.0000 1.0000 1.0000 1.0000
   2029 1.0000 1.0000 1.0000 1.0000 1.0000 1.0000 1.0000 1.0000 1.0000 1.0000 1.0000 1.0000
        1.0000 1.0000 1.0000 1.0000 1.0000 1.0000 1.0000 1.0000 1.0000 1.0000 1.0000 1.0000
        1.0000 1.0000 1.0000 1.0000 1.0000 1.0000 1.0000 1.0000 1.0000 1.0000 1.0000 1.0000
   2  7
   2025 1.0000 1.0000 1.0000 1.0000 1.0000 1.0000 1.0000 1.0000 1.0000 1.0000 1.0000 1.0000
        1.0000 1.0000 1.0000 1.0000 1.0000 1.0000 1.0000 1.0000 1.0000 1.0000 1.0000 1.0000
        1.0000 1.0000 1.0000 1.0000 1.0000 1.0000 1.0000 1.0000 1.0000 1.0000 1.0000 1.0000
   2026 1.0000 1.0000 1.0000 1.0000 1.0000 1.0000 1.0000 1.0000 1.0000 1.0000 1.0000 1.0000
        1.0000 1.0000 1.0000 1.0000 1.0000 1.0000 1.0000 1.0000 1.0000 1.0000 1.0000 1.0000
        1.0000 1.0000 1.0000 1.0000 1.0000 1.0000 1.0000 1.0000 1.0000 1.0000 1.0000 1.0000
   2027 1.0000 1.0000 1.0000 1.0000 1.0000 1.0000 1.0000 1.0000 1.0000 1.0000 1.0000 1.0000
        1.0000 1.0000 1.0000 1.0000 1.0000 1.0000 1.0000 1.0000 1.0000 1.0000 1.0000 1.0000
        1.0000 1.0000 1.0000 1.0000 1.0000 1.0000 1.0000 1.0000 1.0000 1.0000 1.0000 1.0000
   2028 1.0000 1.0000 1.0000 1.0000 1.0000 1.0000 1.0000 1.0000 1.0000 1.0000 1.0000 1.0000
        1.0000 1.0000 1.0000 1.0000 1.0000 1.0000 1.0000 1.0000 1.0000 1.0000 1.0000 1.0000
        1.0000 1.0000 1.0000 1.0000 1.0000 1.0000 1.0000 1.0000 1.0000 1.0000 1.0000 1.0000
   2029 1.0000 1.0000 1.0000 1.0000 1.0000 1.0000 1.0000 1.0000 1.0000 1.0000 1.0000 1.0000
        1.0000 1.0000 1.0000 1.0000 1.0000 1.0000 1.0000 1.0000 1.0000 1.0000 1.0000 1.0000
        1.0000 1.0000 1.0000 1.0000 1.0000 1.0000 1.0000 1.0000 1.0000 1.0000 1.0000 1.0000
   2  8
   2025 1.0000 1.0000 1.0000 1.0000 1.0000 0.0255 0.0308 0.0654 0.5817 0.5906 0.5236 0.5550
        1.0000 1.0000 1.0000 1.0000 1.0000 1.7455 1.8364 1.8153 1.5883 1.5350 1.4101 1.5473
        1.0000 1.0000 1.0000 1.0000 1.0000 0.7033 0.6024 0.6341 0.6623 0.7068 0.9085 0.7898
   2026 0.5771 0.5340 0.5115 0.5342 0.0439 0.0255 0.0308 0.0654 0.5830 0.5902 0.5236 0.5550
        1.5170 1.5381 1.6358 1.4616 1.7762 1.7938 1.8364 1.8153 1.5386 1.4371 1.4101 1.5473
        0.8017 0.8075 0.7396 0.8083 0.6807 0.6556 0.6024 0.6341 0.7141 0.8040 0.9085 0.7898
   2027 0.5779 0.5340 0.5115 0.5348 0.0439 0.0255 0.0308 0.0652 0.5830 0.5900 0.5243 0.5552
        1.4595 1.5381 1.6358 1.5173 1.7762 1.8401 1.7912 1.8535 1.5386 1.3866 1.4733 1.6045
        0.8455 0.8075 0.7396 0.7572 0.6807 0.6044 0.6527 0.5902 0.7141 0.8481 0.8639 0.7402
   2028 0.5771 0.5340 0.5111 0.5330 0.0436 0.0255 0.0307 0.0649 0.5844 0.5902 0.5236 0.5545
        1.5170 1.5587 1.6954 1.3469 1.8590 1.7938 1.7447 1.8900 1.4877 1.4371 1.4101 1.4304
        0.8017 0.7912 0.6871 0.9008 0.5925 0.6556 0.6997 0.5441 0.7629 0.8040 0.9085 0.8798
   2029 0.5763 0.5340 0.5120 0.5348 0.0437 0.0255 0.0308 0.0649 0.5858 0.5904 0.5236 0.5545
        1.5735 1.5381 1.5750 1.5173 1.8187 1.7938 1.7912 1.8900 1.4353 1.4865 1.4101 1.4304
        0.7554 0.8075 0.7888 0.7572 0.6378 0.6556 0.6527 0.5441 0.8090 0.7570 0.9085 0.8798
   3  1
   2025 1.0000 1.0000 1.0000 1.0000 1.0000 1.0016 1.0157 1.0124 0.9783 0.9810 0.9989 0.9934
        1.0000 1.0000 1.0000 1.0000 1.0000 1.0138 1.0114 1.0207 1.0310 1.0276 1.0297 1.0220
        1.0000 1.0000 1.0000 1.0000 1.0000 0.9889 0.9847 0.9801 0.9820 0.9837 0.9775 0.9851
   2026 0.9972 0.9970 0.9869 0.9781 0.9783 1.0013 1.0157 1.0124 0.9785 0.9813 0.9989 0.9934
        1.0195 1.0138 1.0274 1.0131 1.0230 1.0135 1.0114 1.0207 1.0312 1.0279 1.0297 1.0220
        0.9855 0.9903 0.9843 0.9985 0.9887 0.9886 0.9847 0.9801 0.9821 0.9840 0.9775 0.9851
   2027 0.9975 0.9970 0.9869 0.9782 0.9783 1.0010 1.0161 1.0119 0.9785 0.9814 0.9985 0.9933
        1.0197 1.0138 1.0274 1.0132 1.0230 1.0132 1.0119 1.0201 1.0312 1.0280 1.0293 1.0218
        0.9857 0.9903 0.9843 0.9986 0.9887 0.9883 0.9851 0.9796 0.9821 0.9842 0.9772 0.9849
   2028 0.9972 0.9969 0.9867 0.9778 0.9778 1.0013 1.0165 1.0113 0.9786 0.9813 0.9989 0.9938
        1.0195 1.0138 1.0272 1.0128 1.0226 1.0135 1.0123 1.0196 1.0314 1.0279 1.0297 1.0223
        0.9855 0.9903 0.9841 0.9982 0.9883 0.9886 0.9855 0.9790 0.9823 0.9840 0.9775 0.9855
   2029 0.9970 0.9970 0.9870 0.9782 0.9781 1.0013 1.0161 1.0113 0.9788 0.9811 0.9989 0.9938
        1.0193 1.0138 1.0275 1.0132 1.0228 1.0135 1.0119 1.0196 1.0316 1.0277 1.0297 1.0223
        0.9853 0.9903 0.9844 0.9986 0.9885 0.9886 0.9851 0.9790 0.9825 0.9839 0.9775 0.9855
   3  2
   2025 1.0000 1.0000 1.0000 1.0000 1.0000 0.9981 0.9877 0.9905 0.9988 0.9904 0.9882 0.9902
        1.0000 1.0000 1.0000 1.0000 1.0000 0.9986 0.9927 0.9900 0.9990 0.9966 0.9941 0.9963
        1.0000 1.0000 1.0000 1.0000 1.0000 1.0016 1.0106 1.0106 1.0016 1.0084 1.0102 1.0087
   2026 0.9937 0.9897 0.9893 0.9931 0.9896 0.9982 0.9878 0.9906 0.9989 0.9900 0.9882 0.9902
        0.9965 0.9958 0.9946 0.9990 0.9968 0.9985 0.9926 0.9900 0.9989 0.9962 0.9941 0.9963
        1.0062 1.0090 1.0108 1.0040 1.0052 1.0018 1.0106 1.0106 1.0016 1.0080 1.0102 1.0087
   2027 0.9935 0.9897 0.9893 0.9932 0.9896 0.9982 0.9875 0.9909 0.9989 0.9898 0.9885 0.9905
        0.9963 0.9958 0.9946 0.9991 0.9968 0.9986 0.9923 0.9903 0.9989 0.9960 0.9943 0.9965
        1.0060 1.0090 1.0108 1.0042 1.0052 1.0018 1.0103 1.0109 1.0016 1.0078 1.0105 1.0090
   2028 0.9937 0.9897 0.9896 0.9928 0.9900 0.9982 0.9872 0.9912 0.9989 0.9900 0.9882 0.9898
        0.9965 0.9959 0.9948 0.9987 0.9971 0.9985 0.9920 0.9906 0.9988 0.9962 0.9941 0.9958
        1.0062 1.0090 1.0110 1.0038 1.0055 1.0018 1.0100 1.0112 1.0015 1.0080 1.0102 1.0083
   2029 0.9939 0.9897 0.9890 0.9932 0.9898 0.9982 0.9875 0.9912 0.9988 0.9902 0.9882 0.9898
        0.9967 0.9958 0.9943 0.9991 0.9970 0.9985 0.9923 0.9906 0.9988 0.9964 0.9941 0.9958
        1.0064 1.0090 1.0105 1.0042 1.0054 1.0018 1.0103 1.0112 1.0015 1.0082 1.0102 1.0083
   3  3
   2025 1.0000 1.0000 1.0000 1.0000 1.0000 1.0788 1.0224 1.0728 1.0094 1.0025 1.0614 1.0529
        1.0000 1.0000 1.0000 1.0000 1.0000 0.9212 0.9570 0.9404 0.9752 0.9566 0.9766 0.9579
        1.0000 1.0000 1.0000 1.0000 1.0000 1.0382 1.0298 1.0254 1.0187 1.0404 0.9890 1.0055
   2026 1.0526 0.9682 0.9912 0.9061 1.0219 0.9977 1.0222 1.0725 1.0093 1.0012 1.0615 1.0528
        0.9485 0.9543 0.9381 0.9632 0.9008 0.9420 0.9571 0.9406 0.9751 0.9556 0.9767 0.9580
        1.0142 1.0543 1.0577 1.0745 1.0680 1.0479 1.0298 1.0254 1.0182 1.0386 0.9888 1.0055
   2027 1.0528 0.9682 0.9912 0.9080 1.0219 0.9989 1.0216 1.0729 1.0093 1.0005 1.0607 1.0524
        0.9487 0.9543 0.9381 0.9652 0.9008 0.9432 0.9565 0.9409 0.9751 0.9550 0.9760 0.9576
        1.0145 1.0543 1.0577 1.0768 1.0680 1.0492 1.0291 1.0258 1.0182 1.0379 0.9881 1.0051
   2028 1.0525 0.9686 0.9922 0.9023 1.0253 0.9977 1.0209 1.0733 1.0090 1.0012 1.0615 1.0536
        0.9485 0.9547 0.9390 0.9592 0.9038 0.9420 0.9559 0.9413 0.9748 0.9556 0.9767 0.9587
        1.0142 1.0547 1.0588 1.0700 1.0715 1.0479 1.0285 1.0261 1.0179 1.0386 0.9888 1.0062
   2029 1.0523 0.9682 0.9901 0.9080 1.0236 0.9977 1.0216 1.0733 1.0087 1.0019 1.0615 1.0536
        0.9483 0.9543 0.9371 0.9652 0.9023 0.9420 0.9565 0.9413 0.9745 0.9563 0.9767 0.9587
        1.0140 1.0543 1.0566 1.0768 1.0698 1.0479 1.0291 1.0261 1.0176 1.0393 0.9888 1.0062
   3  4
   2025 1.0000 1.0000 1.0000 1.0000 1.0000 0.0147 0.0283 0.0349 0.6125 0.4996 0.4133 0.4668
        1.0000 1.0000 1.0000 1.0000 1.0000 1.7350 1.7475 1.6821 1.3756 1.4250 1.4177 1.4768
        1.0000 1.0000 1.0000 1.0000 1.0000 0.7145 0.6808 0.7476 0.8483 0.8620 0.9550 0.9003
   2026 0.5197 0.4845 0.4564 0.4342 0.0101 0.0145 0.0279 0.0343 0.6064 0.4957 0.4114 0.4647
        1.4805 1.4927 1.5055 1.4372 1.6992 1.7268 1.7464 1.6808 1.3767 1.4218 1.4169 1.4771
        0.8620 0.8709 0.8819 0.8747 0.7472 0.7136 0.6819 0.7488 0.8500 0.8614 0.9565 0.9014
   2027 0.5176 0.4840 0.4560 0.4347 0.0101 0.0144 0.0280 0.0341 0.6058 0.4948 0.4132 0.4660
        1.4775 1.4930 1.5058 1.4399 1.6990 1.7202 1.7534 1.6760 1.3768 1.4200 1.4236 1.4817
        0.8608 0.8709 0.8819 0.8766 0.7474 0.7113 0.6848 0.7469 0.8502 0.8605 0.9613 0.9042
   2028 0.5186 0.4844 0.4572 0.4322 0.0101 0.0144 0.0281 0.0341 0.6057 0.4954 0.4113 0.4616
        1.4805 1.4943 1.5102 1.4315 1.6896 1.7264 1.7608 1.6717 1.3766 1.4218 1.4168 1.4679
        0.8626 0.8717 0.8844 0.8716 0.7433 0.7139 0.6878 0.7449 0.8500 0.8615 0.9567 0.8958
   2029 0.5196 0.4840 0.4546 0.4347 0.0101 0.0144 0.0280 0.0341 0.6056 0.4960 0.4113 0.4616
        1.4835 1.4930 1.5015 1.4399 1.6942 1.7264 1.7534 1.6717 1.3764 1.4234 1.4168 1.4679
        0.8644 0.8709 0.8793 0.8767 0.7453 0.7139 0.6848 0.7449 0.8499 0.8625 0.9567 0.8958
   3  5
   2025 1.0000 1.0000 1.0000 1.0000 1.0000 1.0000 1.0000 1.0000 1.0000 1.0000 1.0000 1.0000
        1.0000 1.0000 1.0000 1.0000 1.0000 1.0000 1.0000 1.0000 1.0000 1.0000 1.0000 1.0000
        1.0000 1.0000 1.0000 1.0000 1.0000 1.0000 1.0000 1.0000 1.0000 1.0000 1.0000 1.0000
   2026 1.0000 1.0000 1.0000 1.0000 1.0000 1.0000 1.0000 1.0000 1.0000 1.0000 1.0000 1.0000
        1.0000 1.0000 1.0000 1.0000 1.0000 1.0000 1.0000 1.0000 1.0000 1.0000 1.0000 1.0000
        1.0000 1.0000 1.0000 1.0000 1.0000 1.0000 1.0000 1.0000 1.0000 1.0000 1.0000 1.0000
   2027 1.0000 1.0000 1.0000 1.0000 1.0000 1.0000 1.0000 1.0000 1.0000 1.0000 1.0000 1.0000
        1.0000 1.0000 1.0000 1.0000 1.0000 1.0000 1.0000 1.0000 1.0000 1.0000 1.0000 1.0000
        1.0000 1.0000 1.0000 1.0000 1.0000 1.0000 1.0000 1.0000 1.0000 1.0000 1.0000 1.0000
   2028 1.0000 1.0000 1.0000 1.0000 1.0000 1.0000 1.0000 1.0000 1.0000 1.0000 1.0000 1.0000
        1.0000 1.0000 1.0000 1.0000 1.0000 1.0000 1.0000 1.0000 1.0000 1.0000 1.0000 1.0000
        1.0000 1.0000 1.0000 1.0000 1.0000 1.0000 1.0000 1.0000 1.0000 1.0000 1.0000 1.0000
   2029 1.0000 1.0000 1.0000 1.0000 1.0000 1.0000 1.0000 1.0000 1.0000 1.0000 1.0000 1.0000
        1.0000 1.0000 1.0000 1.0000 1.0000 1.0000 1.0000 1.0000 1.0000 1.0000 1.0000 1.0000
        1.0000 1.0000 1.0000 1.0000 1.0000 1.0000 1.0000 1.0000 1.0000 1.0000 1.0000 1.0000
   3  6
   2025 1.0000 1.0000 1.0000 1.0000 1.0000 1.0000 1.0000 1.0000 1.0000 1.0000 1.0000 1.0000
        1.0000 1.0000 1.0000 1.0000 1.0000 1.0000 1.0000 1.0000 1.0000 1.0000 1.0000 1.0000
        1.0000 1.0000 1.0000 1.0000 1.0000 1.0000 1.0000 1.0000 1.0000 1.0000 1.0000 1.0000
   2026 1.0000 1.0000 1.0000 1.0000 1.0000 1.0000 1.0000 1.0000 1.0000 1.0000 1.0000 1.0000
        1.0000 1.0000 1.0000 1.0000 1.0000 1.0000 1.0000 1.0000 1.0000 1.0000 1.0000 1.0000
        1.0000 1.0000 1.0000 1.0000 1.0000 1.0000 1.0000 1.0000 1.0000 1.0000 1.0000 1.0000
   2027 1.0000 1.0000 1.0000 1.0000 1.0000 1.0000 1.0000 1.0000 1.0000 1.0000 1.0000 1.0000
        1.0000 1.0000 1.0000 1.0000 1.0000 1.0000 1.0000 1.0000 1.0000 1.0000 1.0000 1.0000
        1.0000 1.0000 1.0000 1.0000 1.0000 1.0000 1.0000 1.0000 1.0000 1.0000 1.0000 1.0000
   2028 1.0000 1.0000 1.0000 1.0000 1.0000 1.0000 1.0000 1.0000 1.0000 1.0000 1.0000 1.0000
        1.0000 1.0000 1.0000 1.0000 1.0000 1.0000 1.0000 1.0000 1.0000 1.0000 1.0000 1.0000
        1.0000 1.0000 1.0000 1.0000 1.0000 1.0000 1.0000 1.0000 1.0000 1.0000 1.0000 1.0000
   2029 1.0000 1.0000 1.0000 1.0000 1.0000 1.0000 1.0000 1.0000 1.0000 1.0000 1.0000 1.0000
        1.0000 1.0000 1.0000 1.0000 1.0000 1.0000 1.0000 1.0000 1.0000 1.0000 1.0000 1.0000
        1.0000 1.0000 1.0000 1.0000 1.0000 1.0000 1.0000 1.0000 1.0000 1.0000 1.0000 1.0000
   3  7
   2025 1.0000 1.0000 1.0000 1.0000 1.0000 1.0000 1.0000 1.0000 1.0000 1.0000 1.0000 1.0000
        1.0000 1.0000 1.0000 1.0000 1.0000 1.0000 1.0000 1.0000 1.0000 1.0000 1.0000 1.0000
        1.0000 1.0000 1.0000 1.0000 1.0000 1.0000 1.0000 1.0000 1.0000 1.0000 1.0000 1.0000
   2026 1.0000 1.0000 1.0000 1.0000 1.0000 1.0000 1.0000 1.0000 1.0000 1.0000 1.0000 1.0000
        1.0000 1.0000 1.0000 1.0000 1.0000 1.0000 1.0000 1.0000 1.0000 1.0000 1.0000 1.0000
        1.0000 1.0000 1.0000 1.0000 1.0000 1.0000 1.0000 1.0000 1.0000 1.0000 1.0000 1.0000
   2027 1.0000 1.0000 1.0000 1.0000 1.0000 1.0000 1.0000 1.0000 1.0000 1.0000 1.0000 1.0000
        1.0000 1.0000 1.0000 1.0000 1.0000 1.0000 1.0000 1.0000 1.0000 1.0000 1.0000 1.0000
        1.0000 1.0000 1.0000 1.0000 1.0000 1.0000 1.0000 1.0000 1.0000 1.0000 1.0000 1.0000
   2028 1.0000 1.0000 1.0000 1.0000 1.0000 1.0000 1.0000 1.0000 1.0000 1.0000 1.0000 1.0000
        1.0000 1.0000 1.0000 1.0000 1.0000 1.0000 1.0000 1.0000 1.0000 1.0000 1.0000 1.0000
        1.0000 1.0000 1.0000 1.0000 1.0000 1.0000 1.0000 1.0000 1.0000 1.0000 1.0000 1.0000
   2029 1.0000 1.0000 1.0000 1.0000 1.0000 1.0000 1.0000 1.0000 1.0000 1.0000 1.0000 1.0000
        1.0000 1.0000 1.0000 1.0000 1.0000 1.0000 1.0000 1.0000 1.0000 1.0000 1.0000 1.0000
        1.0000 1.0000 1.0000 1.0000 1.0000 1.0000 1.0000 1.0000 1.0000 1.0000 1.0000 1.0000
   3  8
   2025 1.0000 1.0000 1.0000 1.0000 1.0000 0.0053 0.0063 0.0083 0.3198 0.2979 0.2444 0.2767
        1.0000 1.0000 1.0000 1.0000 1.0000 1.6265 1.7128 1.6304 1.5640 1.5826 1.5142 1.6645
        1.0000 1.0000 1.0000 1.0000 1.0000 0.8009 0.7187 0.7959 0.8245 0.8196 0.9605 0.8498
   2026 0.2890 0.2873 0.2724 0.3099 0.0059 0.0053 0.0063 0.0083 0.3197 0.2977 0.2444 0.2767
        1.6025 1.6136 1.6554 1.4848 1.6168 1.6706 1.7128 1.6304 1.5092 1.4757 1.5142 1.6645
        0.8845 0.8768 0.8600 0.8893 0.8098 0.7622 0.7187 0.7959 0.8699 0.9056 0.9605 0.8498
   2027 0.2891 0.2873 0.2724 0.3096 0.0059 0.0053 0.0063 0.0083 0.3197 0.2976 0.2444 0.2767
        1.5384 1.6136 1.6554 1.5403 1.6168 1.7127 1.6719 1.6725 1.5092 1.4205 1.5812 1.7268
        0.9248 0.8768 0.8600 0.8466 0.8098 0.7208 0.7592 0.7580 0.8699 0.9445 0.9213 0.8045
   2028 0.2890 0.2873 0.2726 0.3105 0.0059 0.0053 0.0063 0.0083 0.3197 0.2977 0.2444 0.2767
        1.6025 1.6354 1.7190 1.3697 1.7006 1.6706 1.6295 1.7131 1.4533 1.4757 1.5142 1.5367
        0.8845 0.8624 0.8139 0.9675 0.7355 0.7622 0.7972 0.7177 0.9124 0.9056 0.9605 0.9322
   2029 0.2890 0.2873 0.2721 0.3096 0.0059 0.0053 0.0063 0.0083 0.3196 0.2978 0.2444 0.2767
        1.6657 1.6136 1.5908 1.5403 1.6597 1.6706 1.6719 1.7131 1.3962 1.5296 1.5142 1.5367
        0.8418 0.8768 0.9030 0.8466 0.7737 0.7622 0.7592 0.7177 0.9522 0.8640 0.9605 0.9322
   4  1
   2025 1.0000 1.0000 1.0000 1.0000 1.0000 1.0152 1.0184 1.0136 1.0072 1.0284 1.0010 1.0091
        1.0000 1.0000 1.0000 1.0000 1.0000 0.9909 0.9927 0.9878 0.9961 0.9926 0.9988 0.9990
        1.0000 1.0000 1.0000 1.0000 1.0000 1.0027 1.0000 1.0056 0.9998 0.9917 1.0004 0.9957
   2026 0.9999 0.9957 1.0023 0.9886 1.0142 1.0150 1.0180 1.0133 1.0068 1.0283 1.0007 1.0089
        0.9992 1.0005 0.9996 1.0001 0.9932 0.9909 0.9927 0.9878 0.9961 0.9934 0.9988 0.9990
        1.0007 1.0019 0.9991 1.0050 1.0012 1.0028 1.0002 1.0057 1.0002 0.9927 1.0006 0.9958
   2027 1.0000 0.9958 1.0023 0.9888 1.0141 1.0148 1.0179 1.0134 1.0068 1.0286 1.0007 1.0088
        0.9992 1.0005 0.9996 1.0003 0.9932 0.9909 0.9928 0.9879 0.9961 0.9937 0.9988 0.9988
        1.0007 1.0018 0.9990 1.0052 1.0012 1.0028 1.0003 1.0058 1.0002 0.9931 1.0006 0.9956
   2028 1.0000 0.9958 1.0023 0.9883 1.0140 1.0148 1.0180 1.0135 1.0069 1.0283 1.0007 1.0092
        0.9992 1.0005 0.9995 0.9998 0.9932 0.9909 0.9929 0.9880 0.9962 0.9934 0.9988 0.9993
        1.0007 1.0019 0.9990 1.0047 1.0012 1.0028 1.0003 1.0059 1.0002 0.9927 1.0006 0.9961
   2029 1.0000 0.9958 1.0024 0.9888 1.0140 1.0148 1.0179 1.0135 1.0069 1.0279 1.0007 1.0092
        0.9992 1.0005 0.9996 1.0003 0.9932 0.9909 0.9928 0.9880 0.9962 0.9930 0.9988 0.9993
        1.0007 1.0018 0.9991 1.0052 1.0012 1.0028 1.0003 1.0059 1.0003 0.9924 1.0006 0.9961
   4  2
   2025 1.0000 1.0000 1.0000 1.0000 1.0000 0.9965 0.9902 0.9942 1.0135 0.9867 0.9965 0.9956
        1.0000 1.0000 1.0000 1.0000 1.0000 0.9902 0.9961 0.9902 1.0023 0.9992 0.9987 1.0005
        1.0000 1.0000 1.0000 1.0000 1.0000 1.0086 1.0067 1.0094 0.9907 1.0080 1.0026 1.0021
   2026 0.9847 1.0052 1.0014 0.9877 0.9960 0.9968 0.9902 0.9942 1.0138 0.9863 0.9965 0.9956
        1.0043 1.0001 0.9980 0.9916 0.9977 0.9904 0.9961 0.9902 1.0025 0.9987 0.9987 1.0005
        1.0046 0.9972 1.0009 1.0129 1.0028 1.0088 1.0067 1.0094 0.9909 1.0075 1.0026 1.0021
   2027 0.9845 1.0052 1.0014 0.9881 0.9960 0.9970 0.9900 0.9945 1.0138 0.9860 0.9966 0.9957
        1.0041 1.0001 0.9980 0.9919 0.9977 0.9906 0.9959 0.9905 1.0025 0.9985 0.9988 1.0005
        1.0044 0.9972 1.0009 1.0132 1.0028 1.0090 1.0065 1.0096 0.9909 1.0073 1.0027 1.0022
   2028 0.9847 1.0052 1.0014 0.9871 0.9962 0.9968 0.9898 0.9947 1.0140 0.9863 0.9965 0.9955
        1.0043 1.0000 0.9980 0.9909 0.9979 0.9904 0.9957 0.9907 1.0028 0.9987 0.9987 1.0003
        1.0046 0.9971 1.0009 1.0122 1.0029 1.0088 1.0063 1.0099 0.9912 1.0075 1.0026 1.0020
   2029 0.9849 1.0052 1.0014 0.9881 0.9961 0.9968 0.9900 0.9947 1.0143 0.9865 0.9965 0.9955
        1.0045 1.0001 0.9980 0.9919 0.9978 0.9904 0.9959 0.9907 1.0031 0.9989 0.9987 1.0003
        1.0048 0.9972 1.0009 1.0132 1.0029 1.0088 1.0065 1.0099 0.9915 1.0078 1.0026 1.0020
   4  3
   2025 1.0000 1.0000 1.0000 1.0000 1.0000 0.9368 0.9463 0.8512 0.9052 0.9438 0.9700 1.0107
        1.0000 1.0000 1.0000 1.0000 1.0000 0.9748 1.0668 0.9490 0.9890 1.0213 1.0293 1.0180
        1.0000 1.0000 1.0000 1.0000 1.0000 1.0375 0.9601 1.0837 1.0609 1.0099 0.9915 0.9786
   2026 1.1117 1.2104 1.3006 1.3754 1.2062 1.1446 0.9463 0.8512 0.9035 0.9427 0.9700 1.0107
        1.0038 1.0180 1.0371 1.1163 1.1949 1.1474 1.0668 0.9490 0.9872 1.0202 1.0293 1.0180
        0.9377 0.8735 0.7961 0.7292 0.7989 0.8353 0.9601 1.0837 1.0589 1.0088 0.9915 0.9786
   2027 1.1139 1.2104 1.3006 1.3645 1.2062 1.1392 0.9471 0.8535 0.9035 0.9422 0.9702 1.0103
        1.0059 1.0180 1.0371 1.1075 1.1949 1.1419 1.0677 0.9515 0.9872 1.0196 1.0294 1.0175
        0.9396 0.8735 0.7961 0.7235 0.7989 0.8313 0.9608 1.0866 1.0589 1.0082 0.9917 0.9781
   2028 1.1117 1.2087 1.2928 1.3974 1.1921 1.1446 0.9478 0.8557 0.9019 0.9427 0.9700 1.0117
        1.0038 1.0166 1.0309 1.1342 1.1809 1.1474 1.0685 0.9540 0.9854 1.0202 1.0293 1.0189
        0.9377 0.8723 0.7913 0.7409 0.7895 0.8353 0.9616 1.0895 1.0570 1.0088 0.9915 0.9795
   2029 1.1094 1.2104 1.3086 1.3645 1.1991 1.1446 0.9471 0.8557 0.9003 0.9433 0.9700 1.0117
        1.0017 1.0180 1.0435 1.1075 1.1878 1.1474 1.0677 0.9540 0.9836 1.0207 1.0293 1.0189
        0.9358 0.8735 0.8009 0.7235 0.7942 0.8353 0.9608 1.0895 1.0551 1.0093 0.9915 0.9795
   4  4
   2025 1.0000 1.0000 1.0000 1.0000 1.0000 0.0541 0.0688 0.0723 0.4974 0.3871 0.3681 0.4288
        1.0000 1.0000 1.0000 1.0000 1.0000 1.6488 1.6854 1.6818 1.4163 1.4418 1.3950 1.4997
        1.0000 1.0000 1.0000 1.0000 1.0000 0.7698 0.7211 0.7369 0.8708 0.9068 0.9940 0.9027
   2026 0.5638 0.5740 0.4736 0.5414 0.0672 0.0539 0.0688 0.0723 0.4967 0.3851 0.3681 0.4288
        1.5402 1.5636 1.5775 1.4266 1.6058 1.6449 1.6854 1.6818 1.4143 1.4340 1.3950 1.4997
        0.7898 0.7653 0.8108 0.8356 0.8013 0.7680 0.7211 0.7369 0.8696 0.9019 0.9940 0.9027
   2027 0.5636 0.5740 0.4736 0.5416 0.0672 0.0538 0.0690 0.0721 0.4967 0.3840 0.3703 0.4303
        1.5396 1.5636 1.5775 1.4271 1.6058 1.6411 1.6909 1.6765 1.4143 1.4301 1.4032 1.5049
        0.7895 0.7653 0.8108 0.8359 0.8013 0.7661 0.7235 0.7345 0.8696 0.8994 0.9998 0.9059
   2028 0.5638 0.5739 0.4744 0.5409 0.0670 0.0539 0.0692 0.0718 0.4961 0.3851 0.3681 0.4258
        1.5402 1.5636 1.5800 1.4254 1.6007 1.6449 1.6968 1.6714 1.4124 1.4340 1.3950 1.4893
        0.7898 0.7653 0.8121 0.8349 0.7988 0.7680 0.7260 0.7323 0.8684 0.9019 0.9940 0.8965
   2029 0.5641 0.5740 0.4729 0.5416 0.0671 0.0539 0.0690 0.0718 0.4954 0.3861 0.3681 0.4258
        1.5409 1.5636 1.5751 1.4271 1.6032 1.6449 1.6909 1.6714 1.4105 1.4379 1.3950 1.4893
        0.7901 0.7653 0.8095 0.8359 0.8001 0.7680 0.7235 0.7323 0.8672 0.9043 0.9940 0.8965
   4  5
   2025 1.0000 1.0000 1.0000 1.0000 1.0000 1.0000 1.0000 1.0000 1.0000 1.0000 1.0000 1.0000
        1.0000 1.0000 1.0000 1.0000 1.0000 1.0000 1.0000 1.0000 1.0000 1.0000 1.0000 1.0000
        1.0000 1.0000 1.0000 1.0000 1.0000 1.0000 1.0000 1.0000 1.0000 1.0000 1.0000 1.0000
   2026 1.0000 1.0000 1.0000 1.0000 1.0000 1.0000 1.0000 1.0000 1.0000 1.0000 1.0000 1.0000
        1.0000 1.0000 1.0000 1.0000 1.0000 1.0000 1.0000 1.0000 1.0000 1.0000 1.0000 1.0000
        1.0000 1.0000 1.0000 1.0000 1.0000 1.0000 1.0000 1.0000 1.0000 1.0000 1.0000 1.0000
   2027 1.0000 1.0000 1.0000 1.0000 1.0000 1.0000 1.0000 1.0000 1.0000 1.0000 1.0000 1.0000
        1.0000 1.0000 1.0000 1.0000 1.0000 1.0000 1.0000 1.0000 1.0000 1.0000 1.0000 1.0000
        1.0000 1.0000 1.0000 1.0000 1.0000 1.0000 1.0000 1.0000 1.0000 1.0000 1.0000 1.0000
   2028 1.0000 1.0000 1.0000 1.0000 1.0000 1.0000 1.0000 1.0000 1.0000 1.0000 1.0000 1.0000
        1.0000 1.0000 1.0000 1.0000 1.0000 1.0000 1.0000 1.0000 1.0000 1.0000 1.0000 1.0000
        1.0000 1.0000 1.0000 1.0000 1.0000 1.0000 1.0000 1.0000 1.0000 1.0000 1.0000 1.0000
   2029 1.0000 1.0000 1.0000 1.0000 1.0000 1.0000 1.0000 1.0000 1.0000 1.0000 1.0000 1.0000
        1.0000 1.0000 1.0000 1.0000 1.0000 1.0000 1.0000 1.0000 1.0000 1.0000 1.0000 1.0000
        1.0000 1.0000 1.0000 1.0000 1.0000 1.0000 1.0000 1.0000 1.0000 1.0000 1.0000 1.0000
   4  6
   2025 1.0000 1.0000 1.0000 1.0000 1.0000 1.0000 1.0000 1.0000 1.0000 1.0000 1.0000 1.0000
        1.0000 1.0000 1.0000 1.0000 1.0000 1.0000 1.0000 1.0000 1.0000 1.0000 1.0000 1.0000
        1.0000 1.0000 1.0000 1.0000 1.0000 1.0000 1.0000 1.0000 1.0000 1.0000 1.0000 1.0000
   2026 1.0000 1.0000 1.0000 1.0000 1.0000 1.0000 1.0000 1.0000 1.0000 1.0000 1.0000 1.0000
        1.0000 1.0000 1.0000 1.0000 1.0000 1.0000 1.0000 1.0000 1.0000 1.0000 1.0000 1.0000
        1.0000 1.0000 1.0000 1.0000 1.0000 1.0000 1.0000 1.0000 1.0000 1.0000 1.0000 1.0000
   2027 1.0000 1.0000 1.0000 1.0000 1.0000 1.0000 1.0000 1.0000 1.0000 1.0000 1.0000 1.0000
        1.0000 1.0000 1.0000 1.0000 1.0000 1.0000 1.0000 1.0000 1.0000 1.0000 1.0000 1.0000
        1.0000 1.0000 1.0000 1.0000 1.0000 1.0000 1.0000 1.0000 1.0000 1.0000 1.0000 1.0000
   2028 1.0000 1.0000 1.0000 1.0000 1.0000 1.0000 1.0000 1.0000 1.0000 1.0000 1.0000 1.0000
        1.0000 1.0000 1.0000 1.0000 1.0000 1.0000 1.0000 1.0000 1.0000 1.0000 1.0000 1.0000
        1.0000 1.0000 1.0000 1.0000 1.0000 1.0000 1.0000 1.0000 1.0000 1.0000 1.0000 1.0000
   2029 1.0000 1.0000 1.0000 1.0000 1.0000 1.0000 1.0000 1.0000 1.0000 1.0000 1.0000 1.0000
        1.0000 1.0000 1.0000 1.0000 1.0000 1.0000 1.0000 1.0000 1.0000 1.0000 1.0000 1.0000
        1.0000 1.0000 1.0000 1.0000 1.0000 1.0000 1.0000 1.0000 1.0000 1.0000 1.0000 1.0000
   4  7
   2025 1.0000 1.0000 1.0000 1.0000 1.0000 1.0000 1.0000 1.0000 1.0000 1.0000 1.0000 1.0000
        1.0000 1.0000 1.0000 1.0000 1.0000 1.0000 1.0000 1.0000 1.0000 1.0000 1.0000 1.0000
        1.0000 1.0000 1.0000 1.0000 1.0000 1.0000 1.0000 1.0000 1.0000 1.0000 1.0000 1.0000
   2026 1.0000 1.0000 1.0000 1.0000 1.0000 1.0000 1.0000 1.0000 1.0000 1.0000 1.0000 1.0000
        1.0000 1.0000 1.0000 1.0000 1.0000 1.0000 1.0000 1.0000 1.0000 1.0000 1.0000 1.0000
        1.0000 1.0000 1.0000 1.0000 1.0000 1.0000 1.0000 1.0000 1.0000 1.0000 1.0000 1.0000
   2027 1.0000 1.0000 1.0000 1.0000 1.0000 1.0000 1.0000 1.0000 1.0000 1.0000 1.0000 1.0000
        1.0000 1.0000 1.0000 1.0000 1.0000 1.0000 1.0000 1.0000 1.0000 1.0000 1.0000 1.0000
        1.0000 1.0000 1.0000 1.0000 1.0000 1.0000 1.0000 1.0000 1.0000 1.0000 1.0000 1.0000
   2028 1.0000 1.0000 1.0000 1.0000 1.0000 1.0000 1.0000 1.0000 1.0000 1.0000 1.0000 1.0000
        1.0000 1.0000 1.0000 1.0000 1.0000 1.0000 1.0000 1.0000 1.0000 1.0000 1.0000 1.0000
        1.0000 1.0000 1.0000 1.0000 1.0000 1.0000 1.0000 1.0000 1.0000 1.0000 1.0000 1.0000
   2029 1.0000 1.0000 1.0000 1.0000 1.0000 1.0000 1.0000 1.0000 1.0000 1.0000 1.0000 1.0000
        1.0000 1.0000 1.0000 1.0000 1.0000 1.0000 1.0000 1.0000 1.0000 1.0000 1.0000 1.0000
        1.0000 1.0000 1.0000 1.0000 1.0000 1.0000 1.0000 1.0000 1.0000 1.0000 1.0000 1.0000
   4  8
   2025 1.0000 1.0000 1.0000 1.0000 1.0000 0.0970 0.0986 0.0985 0.5313 0.5071 0.4263 0.4599
        1.0000 1.0000 1.0000 1.0000 1.0000 1.6792 1.7783 1.6937 1.5501 1.5802 1.5025 1.6418
        1.0000 1.0000 1.0000 1.0000 1.0000 0.7340 0.6298 0.7199 0.7254 0.7085 0.8831 0.7640
   2026 0.4828 0.4772 0.4683 0.5206 0.0982 0.0970 0.0986 0.0985 0.5312 0.5073 0.4263 0.4599
        1.5700 1.5928 1.6454 1.4488 1.6683 1.7234 1.7783 1.6937 1.4979 1.4787 1.5025 1.6418
        0.8084 0.7929 0.7562 0.8255 0.7464 0.6907 0.6298 0.7199 0.7766 0.8057 0.8831 0.7640
   2027 0.4829 0.4772 0.4683 0.5210 0.0982 0.0971 0.0986 0.0985 0.5312 0.5074 0.4262 0.4598
        1.5077 1.5928 1.6454 1.5030 1.6683 1.7657 1.7385 1.7350 1.4979 1.4262 1.5685 1.7028
        0.8541 0.7929 0.7562 0.7770 0.7464 0.6444 0.6748 0.6777 0.7766 0.8499 0.8377 0.7123
   2028 0.4828 0.4770 0.4680 0.5199 0.0982 0.0970 0.0986 0.0986 0.5311 0.5073 0.4263 0.4600
        1.5700 1.6139 1.7059 1.3372 1.7523 1.7234 1.6972 1.7750 1.4447 1.4787 1.5025 1.5169
        0.8084 0.7766 0.7044 0.9135 0.6635 0.6907 0.7171 0.6328 0.8244 0.8057 0.8831 0.8581
   2029 0.4827 0.4772 0.4685 0.5210 0.0982 0.0970 0.0986 0.0986 0.5310 0.5072 0.4263 0.4600
        1.6315 1.5928 1.5838 1.5030 1.7112 1.7234 1.7385 1.7750 1.3904 1.5299 1.5025 1.5169
        0.7597 0.7929 0.8048 0.7770 0.7062 0.6907 0.6748 0.6328 0.8693 0.7587 0.8831 0.8581
